solid trajectory
  facet 0.000000 0.039801 0.003980
    outer loop
      vertex -0.100000 0.009950 0.900496
      vertex -0.100000 -0.009950 1.099504
      vertex 0.100000 -0.009950 1.099504
    endloop
  endfacet
  facet 0.000000 -0.039801 -0.003980
    outer loop
      vertex -0.100000 0.009950 0.900496
      vertex 0.100000 -0.009950 1.099504
      vertex -0.100000 -0.009950 1.099504
    endloop
  endfacet
  facet 0.000000 -0.039801 -0.003980
    outer loop
      vertex -0.100000 0.009950 0.900496
      vertex 0.100000 0.009950 0.900496
      vertex 0.100000 -0.009950 1.099504
    endloop
  endfacet
  facet -0.000000 0.039801 0.003980
    outer loop
      vertex -0.100000 0.009950 0.900496
      vertex 0.100000 -0.009950 1.099504
      vertex 0.100000 0.009950 0.900496
    endloop
  endfacet
  facet 0.000000 -0.200000 2.000000
    outer loop
      vertex -0.100000 -0.009950 1.099504
      vertex 0.100000 -0.009950 1.099504
      vertex 0.100000 9.990050 2.099504
    endloop
  endfacet
  facet 0.000000 0.200000 -2.000000
    outer loop
      vertex -0.100000 -0.009950 1.099504
      vertex 0.100000 9.990050 2.099504
      vertex 0.100000 -0.009950 1.099504
    endloop
  endfacet
  facet 0.000000 0.200000 -2.000000
    outer loop
      vertex -0.100000 -0.009950 1.099504
      vertex -0.100000 9.990050 2.099504
      vertex 0.100000 9.990050 2.099504
    endloop
  endfacet
  facet 0.000000 -0.200000 2.000000
    outer loop
      vertex -0.100000 -0.009950 1.099504
      vertex 0.100000 9.990050 2.099504
      vertex -0.100000 9.990050 2.099504
    endloop
  endfacet
  facet -2.009975 0.000000 0.000000
    outer loop
      vertex 0.100000 0.009950 0.900496
      vertex 0.100000 -0.009950 1.099504
      vertex 0.100000 9.990050 2.099504
    endloop
  endfacet
  facet 2.009975 0.000000 -0.000000
    outer loop
      vertex 0.100000 0.009950 0.900496
      vertex 0.100000 9.990050 2.099504
      vertex 0.100000 -0.009950 1.099504
    endloop
  endfacet
  facet 2.009975 0.000000 0.000000
    outer loop
      vertex 0.100000 0.009950 0.900496
      vertex 0.100000 10.009950 1.900496
      vertex 0.100000 9.990050 2.099504
    endloop
  endfacet
  facet -2.009975 0.000000 0.000000
    outer loop
      vertex 0.100000 0.009950 0.900496
      vertex 0.100000 9.990050 2.099504
      vertex 0.100000 10.009950 1.900496
    endloop
  endfacet
  facet -2.009975 0.000000 0.000000
    outer loop
      vertex -0.100000 0.009950 0.900496
      vertex -0.100000 -0.009950 1.099504
      vertex -0.100000 9.990050 2.099504
    endloop
  endfacet
  facet 2.009975 0.000000 -0.000000
    outer loop
      vertex -0.100000 0.009950 0.900496
      vertex -0.100000 9.990050 2.099504
      vertex -0.100000 -0.009950 1.099504
    endloop
  endfacet
  facet 2.009975 0.000000 0.000000
    outer loop
      vertex -0.100000 0.009950 0.900496
      vertex -0.100000 10.009950 1.900496
      vertex -0.100000 9.990050 2.099504
    endloop
  endfacet
  facet -2.009975 0.000000 0.000000
    outer loop
      vertex -0.100000 0.009950 0.900496
      vertex -0.100000 9.990050 2.099504
      vertex -0.100000 10.009950 1.900496
    endloop
  endfacet
  facet 0.000000 0.039801 0.003980
    outer loop
      vertex -0.100000 10.009950 1.900496
      vertex -0.100000 9.990050 2.099504
      vertex 0.100000 9.990050 2.099504
    endloop
  endfacet
  facet 0.000000 -0.039801 -0.003980
    outer loop
      vertex -0.100000 10.009950 1.900496
      vertex 0.100000 9.990050 2.099504
      vertex -0.100000 9.990050 2.099504
    endloop
  endfacet
  facet 0.000000 -0.039801 -0.003980
    outer loop
      vertex -0.100000 10.009950 1.900496
      vertex 0.100000 10.009950 1.900496
      vertex 0.100000 9.990050 2.099504
    endloop
  endfacet
  facet -0.000000 0.039801 0.003980
    outer loop
      vertex -0.100000 10.009950 1.900496
      vertex 0.100000 9.990050 2.099504
      vertex 0.100000 10.009950 1.900496
    endloop
  endfacet
  facet 0.000000 -0.200000 2.000000
    outer loop
      vertex -0.100000 0.009950 0.900496
      vertex 0.100000 0.009950 0.900496
      vertex 0.100000 10.009950 1.900496
    endloop
  endfacet
  facet 0.000000 0.200000 -2.000000
    outer loop
      vertex -0.100000 0.009950 0.900496
      vertex 0.100000 10.009950 1.900496
      vertex 0.100000 0.009950 0.900496
    endloop
  endfacet
  facet 0.000000 0.200000 -2.000000
    outer loop
      vertex -0.100000 0.009950 0.900496
      vertex -0.100000 10.009950 1.900496
      vertex 0.100000 10.009950 1.900496
    endloop
  endfacet
  facet 0.000000 -0.200000 2.000000
    outer loop
      vertex -0.100000 0.009950 0.900496
      vertex 0.100000 10.009950 1.900496
      vertex -0.100000 10.009950 1.900496
    endloop
  endfacet
