solid trajectory
  facet 0.007916 0.027520 0.027928
    outer loop
      vertex -0.098022 0.085119 -0.056092
      vertex -0.098022 -0.057338 0.084286
      vertex 0.098022 -0.085119 0.056092
    endloop
  endfacet
  facet -0.007916 -0.027520 -0.027928
    outer loop
      vertex -0.098022 0.085119 -0.056092
      vertex 0.098022 -0.085119 0.056092
      vertex -0.098022 -0.057338 0.084286
    endloop
  endfacet
  facet -0.007916 -0.027520 -0.027928
    outer loop
      vertex -0.098022 0.085119 -0.056092
      vertex 0.098022 0.057338 -0.084286
      vertex 0.098022 -0.085119 0.056092
    endloop
  endfacet
  facet 0.007916 0.027520 0.027928
    outer loop
      vertex -0.098022 0.085119 -0.056092
      vertex 0.098022 -0.085119 0.056092
      vertex 0.098022 0.057338 -0.084286
    endloop
  endfacet
  facet -0.000000 -0.017479 0.017224
    outer loop
      vertex -0.098022 -0.057338 0.084286
      vertex 0.098022 -0.085119 0.056092
      vertex 0.122305 -0.000701 0.141761
    endloop
  endfacet
  facet 0.000000 0.017479 -0.017224
    outer loop
      vertex -0.098022 -0.057338 0.084286
      vertex 0.122305 -0.000701 0.141761
      vertex 0.098022 -0.085119 0.056092
    endloop
  endfacet
  facet 0.000000 0.017479 -0.017224
    outer loop
      vertex -0.098022 -0.057338 0.084286
      vertex -0.073739 0.027081 0.169954
      vertex 0.122305 -0.000701 0.141761
    endloop
  endfacet
  facet -0.000000 -0.017479 0.017224
    outer loop
      vertex -0.098022 -0.057338 0.084286
      vertex 0.122305 -0.000701 0.141761
      vertex -0.073739 0.027081 0.169954
    endloop
  endfacet
  facet -0.024055 0.003409 0.003459
    outer loop
      vertex 0.098022 0.057338 -0.084286
      vertex 0.098022 -0.085119 0.056092
      vertex 0.122305 -0.000701 0.141761
    endloop
  endfacet
  facet 0.024055 -0.003409 -0.003459
    outer loop
      vertex 0.098022 0.057338 -0.084286
      vertex 0.122305 -0.000701 0.141761
      vertex 0.098022 -0.085119 0.056092
    endloop
  endfacet
  facet 0.024055 -0.003409 -0.003459
    outer loop
      vertex 0.098022 0.057338 -0.084286
      vertex 0.122305 0.141756 0.001383
      vertex 0.122305 -0.000701 0.141761
    endloop
  endfacet
  facet -0.024055 0.003409 0.003459
    outer loop
      vertex 0.098022 0.057338 -0.084286
      vertex 0.122305 -0.000701 0.141761
      vertex 0.122305 0.141756 0.001383
    endloop
  endfacet
  facet -0.024055 0.003409 0.003459
    outer loop
      vertex -0.098022 0.085119 -0.056092
      vertex -0.098022 -0.057338 0.084286
      vertex -0.073739 0.027081 0.169954
    endloop
  endfacet
  facet 0.024055 -0.003409 -0.003459
    outer loop
      vertex -0.098022 0.085119 -0.056092
      vertex -0.073739 0.027081 0.169954
      vertex -0.098022 -0.057338 0.084286
    endloop
  endfacet
  facet 0.024055 -0.003409 -0.003459
    outer loop
      vertex -0.098022 0.085119 -0.056092
      vertex -0.073739 0.169538 0.029576
      vertex -0.073739 0.027081 0.169954
    endloop
  endfacet
  facet -0.024055 0.003409 0.003459
    outer loop
      vertex -0.098022 0.085119 -0.056092
      vertex -0.073739 0.027081 0.169954
      vertex -0.073739 0.169538 0.029576
    endloop
  endfacet
  facet 0.007916 0.027520 0.027928
    outer loop
      vertex -0.073739 0.169538 0.029576
      vertex -0.073739 0.027081 0.169954
      vertex 0.122305 -0.000701 0.141761
    endloop
  endfacet
  facet -0.007916 -0.027520 -0.027928
    outer loop
      vertex -0.073739 0.169538 0.029576
      vertex 0.122305 -0.000701 0.141761
      vertex -0.073739 0.027081 0.169954
    endloop
  endfacet
  facet -0.007916 -0.027520 -0.027928
    outer loop
      vertex -0.073739 0.169538 0.029576
      vertex 0.122305 0.141756 0.001383
      vertex 0.122305 -0.000701 0.141761
    endloop
  endfacet
  facet 0.007916 0.027520 0.027928
    outer loop
      vertex -0.073739 0.169538 0.029576
      vertex 0.122305 -0.000701 0.141761
      vertex 0.122305 0.141756 0.001383
    endloop
  endfacet
  facet 0.000000 -0.017479 0.017224
    outer loop
      vertex -0.098022 0.085119 -0.056092
      vertex 0.098022 0.057338 -0.084286
      vertex 0.122305 0.141756 0.001383
    endloop
  endfacet
  facet 0.000000 0.017479 -0.017224
    outer loop
      vertex -0.098022 0.085119 -0.056092
      vertex 0.122305 0.141756 0.001383
      vertex 0.098022 0.057338 -0.084286
    endloop
  endfacet
  facet -0.000000 0.017479 -0.017224
    outer loop
      vertex -0.098022 0.085119 -0.056092
      vertex -0.073739 0.169538 0.029576
      vertex 0.122305 0.141756 0.001383
    endloop
  endfacet
  facet 0.000000 -0.017479 0.017224
    outer loop
      vertex -0.098022 0.085119 -0.056092
      vertex 0.122305 0.141756 0.001383
      vertex -0.073739 0.169538 0.029576
    endloop
  endfacet
  facet 0.023659 0.025776 0.019388
    outer loop
      vertex 0.130729 0.052504 -0.001800
      vertex -0.016612 0.187747 -0.001800
      vertex -0.082163 0.116332 0.173137
    endloop
  endfacet
  facet -0.023659 -0.025776 -0.019388
    outer loop
      vertex 0.130729 0.052504 -0.001800
      vertex -0.082163 0.116332 0.173137
      vertex -0.016612 0.187747 -0.001800
    endloop
  endfacet
  facet -0.023659 -0.025776 -0.019388
    outer loop
      vertex 0.130729 0.052504 -0.001800
      vertex 0.065179 -0.018910 0.173137
      vertex -0.082163 0.116332 0.173137
    endloop
  endfacet
  facet 0.023659 0.025776 0.019388
    outer loop
      vertex 0.130729 0.052504 -0.001800
      vertex -0.082163 0.116332 0.173137
      vertex 0.065179 -0.018910 0.173137
    endloop
  endfacet
  facet -0.019711 0.018093 0.000000
    outer loop
      vertex -0.016612 0.187747 -0.001800
      vertex -0.082163 0.116332 0.173137
      vertex -0.003036 0.202538 0.237978
    endloop
  endfacet
  facet 0.019711 -0.018093 0.000000
    outer loop
      vertex -0.016612 0.187747 -0.001800
      vertex -0.003036 0.202538 0.237978
      vertex -0.082163 0.116332 0.173137
    endloop
  endfacet
  facet 0.019711 -0.018093 0.000000
    outer loop
      vertex -0.016612 0.187747 -0.001800
      vertex 0.062514 0.273952 0.063041
      vertex -0.003036 0.202538 0.237978
    endloop
  endfacet
  facet -0.019711 0.018093 0.000000
    outer loop
      vertex -0.016612 0.187747 -0.001800
      vertex -0.003036 0.202538 0.237978
      vertex 0.062514 0.273952 0.063041
    endloop
  endfacet
  facet 0.008769 0.009554 -0.023403
    outer loop
      vertex 0.065179 -0.018910 0.173137
      vertex -0.082163 0.116332 0.173137
      vertex -0.003036 0.202538 0.237978
    endloop
  endfacet
  facet -0.008769 -0.009554 0.023403
    outer loop
      vertex 0.065179 -0.018910 0.173137
      vertex -0.003036 0.202538 0.237978
      vertex -0.082163 0.116332 0.173137
    endloop
  endfacet
  facet -0.008769 -0.009554 0.023403
    outer loop
      vertex 0.065179 -0.018910 0.173137
      vertex 0.144305 0.067295 0.237978
      vertex -0.003036 0.202538 0.237978
    endloop
  endfacet
  facet 0.008769 0.009554 -0.023403
    outer loop
      vertex 0.065179 -0.018910 0.173137
      vertex -0.003036 0.202538 0.237978
      vertex 0.144305 0.067295 0.237978
    endloop
  endfacet
  facet 0.008769 0.009554 -0.023403
    outer loop
      vertex 0.130729 0.052504 -0.001800
      vertex -0.016612 0.187747 -0.001800
      vertex 0.062514 0.273952 0.063041
    endloop
  endfacet
  facet -0.008769 -0.009554 0.023403
    outer loop
      vertex 0.130729 0.052504 -0.001800
      vertex 0.062514 0.273952 0.063041
      vertex -0.016612 0.187747 -0.001800
    endloop
  endfacet
  facet -0.008769 -0.009554 0.023403
    outer loop
      vertex 0.130729 0.052504 -0.001800
      vertex 0.209856 0.138710 0.063041
      vertex 0.062514 0.273952 0.063041
    endloop
  endfacet
  facet 0.008769 0.009554 -0.023403
    outer loop
      vertex 0.130729 0.052504 -0.001800
      vertex 0.062514 0.273952 0.063041
      vertex 0.209856 0.138710 0.063041
    endloop
  endfacet
  facet 0.023659 0.025776 0.019388
    outer loop
      vertex 0.209856 0.138710 0.063041
      vertex 0.062514 0.273952 0.063041
      vertex -0.003036 0.202538 0.237978
    endloop
  endfacet
  facet -0.023659 -0.025776 -0.019388
    outer loop
      vertex 0.209856 0.138710 0.063041
      vertex -0.003036 0.202538 0.237978
      vertex 0.062514 0.273952 0.063041
    endloop
  endfacet
  facet -0.023659 -0.025776 -0.019388
    outer loop
      vertex 0.209856 0.138710 0.063041
      vertex 0.144305 0.067295 0.237978
      vertex -0.003036 0.202538 0.237978
    endloop
  endfacet
  facet 0.023659 0.025776 0.019388
    outer loop
      vertex 0.209856 0.138710 0.063041
      vertex -0.003036 0.202538 0.237978
      vertex 0.144305 0.067295 0.237978
    endloop
  endfacet
  facet -0.019711 0.018093 -0.000000
    outer loop
      vertex 0.130729 0.052504 -0.001800
      vertex 0.065179 -0.018910 0.173137
      vertex 0.144305 0.067295 0.237978
    endloop
  endfacet
  facet 0.019711 -0.018093 0.000000
    outer loop
      vertex 0.130729 0.052504 -0.001800
      vertex 0.144305 0.067295 0.237978
      vertex 0.065179 -0.018910 0.173137
    endloop
  endfacet
  facet 0.019711 -0.018093 0.000000
    outer loop
      vertex 0.130729 0.052504 -0.001800
      vertex 0.209856 0.138710 0.063041
      vertex 0.144305 0.067295 0.237978
    endloop
  endfacet
  facet -0.019711 0.018093 -0.000000
    outer loop
      vertex 0.130729 0.052504 -0.001800
      vertex 0.144305 0.067295 0.237978
      vertex 0.209856 0.138710 0.063041
    endloop
  endfacet
  facet 0.014469 0.018374 0.032451
    outer loop
      vertex 0.010181 0.275465 0.132716
      vertex 0.010181 0.101426 0.231257
      vertex 0.196638 0.065782 0.168303
    endloop
  endfacet
  facet -0.014469 -0.018374 -0.032451
    outer loop
      vertex 0.010181 0.275465 0.132716
      vertex 0.196638 0.065782 0.168303
      vertex 0.010181 0.101426 0.231257
    endloop
  endfacet
  facet -0.014469 -0.018374 -0.032451
    outer loop
      vertex 0.010181 0.275465 0.132716
      vertex 0.196638 0.239821 0.069762
      vertex 0.196638 0.065782 0.168303
    endloop
  endfacet
  facet 0.014469 0.018374 0.032451
    outer loop
      vertex 0.010181 0.275465 0.132716
      vertex 0.196638 0.065782 0.168303
      vertex 0.196638 0.239821 0.069762
    endloop
  endfacet
  facet -0.000000 -0.017585 0.009957
    outer loop
      vertex 0.010181 0.101426 0.231257
      vertex 0.196638 0.065782 0.168303
      vertex 0.233188 0.112195 0.250276
    endloop
  endfacet
  facet 0.000000 0.017585 -0.009957
    outer loop
      vertex 0.010181 0.101426 0.231257
      vertex 0.233188 0.112195 0.250276
      vertex 0.196638 0.065782 0.168303
    endloop
  endfacet
  facet 0.000000 0.017585 -0.009957
    outer loop
      vertex 0.010181 0.101426 0.231257
      vertex 0.046731 0.147839 0.313230
      vertex 0.233188 0.112195 0.250276
    endloop
  endfacet
  facet -0.000000 -0.017585 0.009957
    outer loop
      vertex 0.010181 0.101426 0.231257
      vertex 0.233188 0.112195 0.250276
      vertex 0.046731 0.147839 0.313230
    endloop
  endfacet
  facet -0.018840 0.003602 0.006361
    outer loop
      vertex 0.196638 0.239821 0.069762
      vertex 0.196638 0.065782 0.168303
      vertex 0.233188 0.112195 0.250276
    endloop
  endfacet
  facet 0.018840 -0.003602 -0.006361
    outer loop
      vertex 0.196638 0.239821 0.069762
      vertex 0.233188 0.112195 0.250276
      vertex 0.196638 0.065782 0.168303
    endloop
  endfacet
  facet 0.018840 -0.003602 -0.006361
    outer loop
      vertex 0.196638 0.239821 0.069762
      vertex 0.233188 0.286234 0.151736
      vertex 0.233188 0.112195 0.250276
    endloop
  endfacet
  facet -0.018840 0.003602 0.006361
    outer loop
      vertex 0.196638 0.239821 0.069762
      vertex 0.233188 0.112195 0.250276
      vertex 0.233188 0.286234 0.151736
    endloop
  endfacet
  facet -0.018840 0.003602 0.006361
    outer loop
      vertex 0.010181 0.275465 0.132716
      vertex 0.010181 0.101426 0.231257
      vertex 0.046731 0.147839 0.313230
    endloop
  endfacet
  facet 0.018840 -0.003602 -0.006361
    outer loop
      vertex 0.010181 0.275465 0.132716
      vertex 0.046731 0.147839 0.313230
      vertex 0.010181 0.101426 0.231257
    endloop
  endfacet
  facet 0.018840 -0.003602 -0.006361
    outer loop
      vertex 0.010181 0.275465 0.132716
      vertex 0.046731 0.321879 0.214690
      vertex 0.046731 0.147839 0.313230
    endloop
  endfacet
  facet -0.018840 0.003602 0.006361
    outer loop
      vertex 0.010181 0.275465 0.132716
      vertex 0.046731 0.147839 0.313230
      vertex 0.046731 0.321879 0.214690
    endloop
  endfacet
  facet 0.014469 0.018374 0.032451
    outer loop
      vertex 0.046731 0.321879 0.214690
      vertex 0.046731 0.147839 0.313230
      vertex 0.233188 0.112195 0.250276
    endloop
  endfacet
  facet -0.014469 -0.018374 -0.032451
    outer loop
      vertex 0.046731 0.321879 0.214690
      vertex 0.233188 0.112195 0.250276
      vertex 0.046731 0.147839 0.313230
    endloop
  endfacet
  facet -0.014469 -0.018374 -0.032451
    outer loop
      vertex 0.046731 0.321879 0.214690
      vertex 0.233188 0.286234 0.151736
      vertex 0.233188 0.112195 0.250276
    endloop
  endfacet
  facet 0.014469 0.018374 0.032451
    outer loop
      vertex 0.046731 0.321879 0.214690
      vertex 0.233188 0.112195 0.250276
      vertex 0.233188 0.286234 0.151736
    endloop
  endfacet
  facet 0.000000 -0.017585 0.009957
    outer loop
      vertex 0.010181 0.275465 0.132716
      vertex 0.196638 0.239821 0.069762
      vertex 0.233188 0.286234 0.151736
    endloop
  endfacet
  facet -0.000000 0.017585 -0.009957
    outer loop
      vertex 0.010181 0.275465 0.132716
      vertex 0.233188 0.286234 0.151736
      vertex 0.196638 0.239821 0.069762
    endloop
  endfacet
  facet -0.000000 0.017585 -0.009957
    outer loop
      vertex 0.010181 0.275465 0.132716
      vertex 0.046731 0.321879 0.214690
      vertex 0.233188 0.286234 0.151736
    endloop
  endfacet
  facet 0.000000 -0.017585 0.009957
    outer loop
      vertex 0.010181 0.275465 0.132716
      vertex 0.233188 0.286234 0.151736
      vertex 0.046731 0.321879 0.214690
    endloop
  endfacet
  facet 0.029020 0.016845 0.021773
    outer loop
      vertex 0.113632 0.126336 0.337746
      vertex 0.233658 0.126336 0.177766
      vertex 0.166286 0.307737 0.127220
    endloop
  endfacet
  facet -0.029020 -0.016845 -0.021773
    outer loop
      vertex 0.113632 0.126336 0.337746
      vertex 0.166286 0.307737 0.127220
      vertex 0.233658 0.126336 0.177766
    endloop
  endfacet
  facet -0.029020 -0.016845 -0.021773
    outer loop
      vertex 0.113632 0.126336 0.337746
      vertex 0.046260 0.307737 0.287200
      vertex 0.166286 0.307737 0.127220
    endloop
  endfacet
  facet 0.029020 0.016845 0.021773
    outer loop
      vertex 0.113632 0.126336 0.337746
      vertex 0.166286 0.307737 0.127220
      vertex 0.046260 0.307737 0.287200
    endloop
  endfacet
  facet 0.014166 0.000000 -0.018882
    outer loop
      vertex 0.233658 0.126336 0.177766
      vertex 0.166286 0.307737 0.127220
      vertex 0.251917 0.357441 0.191465
    endloop
  endfacet
  facet -0.014166 -0.000000 0.018882
    outer loop
      vertex 0.233658 0.126336 0.177766
      vertex 0.251917 0.357441 0.191465
      vertex 0.166286 0.307737 0.127220
    endloop
  endfacet
  facet -0.014166 -0.000000 0.018882
    outer loop
      vertex 0.233658 0.126336 0.177766
      vertex 0.319289 0.176041 0.242011
      vertex 0.251917 0.357441 0.191465
    endloop
  endfacet
  facet 0.014166 0.000000 -0.018882
    outer loop
      vertex 0.233658 0.126336 0.177766
      vertex 0.251917 0.357441 0.191465
      vertex 0.319289 0.176041 0.242011
    endloop
  endfacet
  facet 0.007952 -0.021410 0.005966
    outer loop
      vertex 0.046260 0.307737 0.287200
      vertex 0.166286 0.307737 0.127220
      vertex 0.251917 0.357441 0.191465
    endloop
  endfacet
  facet -0.007952 0.021410 -0.005966
    outer loop
      vertex 0.046260 0.307737 0.287200
      vertex 0.251917 0.357441 0.191465
      vertex 0.166286 0.307737 0.127220
    endloop
  endfacet
  facet -0.007952 0.021410 -0.005966
    outer loop
      vertex 0.046260 0.307737 0.287200
      vertex 0.131890 0.357441 0.351445
      vertex 0.251917 0.357441 0.191465
    endloop
  endfacet
  facet 0.007952 -0.021410 0.005966
    outer loop
      vertex 0.046260 0.307737 0.287200
      vertex 0.251917 0.357441 0.191465
      vertex 0.131890 0.357441 0.351445
    endloop
  endfacet
  facet 0.007952 -0.021410 0.005966
    outer loop
      vertex 0.113632 0.126336 0.337746
      vertex 0.233658 0.126336 0.177766
      vertex 0.319289 0.176041 0.242011
    endloop
  endfacet
  facet -0.007952 0.021410 -0.005966
    outer loop
      vertex 0.113632 0.126336 0.337746
      vertex 0.319289 0.176041 0.242011
      vertex 0.233658 0.126336 0.177766
    endloop
  endfacet
  facet -0.007952 0.021410 -0.005966
    outer loop
      vertex 0.113632 0.126336 0.337746
      vertex 0.199262 0.176041 0.401991
      vertex 0.319289 0.176041 0.242011
    endloop
  endfacet
  facet 0.007952 -0.021410 0.005966
    outer loop
      vertex 0.113632 0.126336 0.337746
      vertex 0.319289 0.176041 0.242011
      vertex 0.199262 0.176041 0.401991
    endloop
  endfacet
  facet 0.029020 0.016845 0.021773
    outer loop
      vertex 0.199262 0.176041 0.401991
      vertex 0.319289 0.176041 0.242011
      vertex 0.251917 0.357441 0.191465
    endloop
  endfacet
  facet -0.029020 -0.016845 -0.021773
    outer loop
      vertex 0.199262 0.176041 0.401991
      vertex 0.251917 0.357441 0.191465
      vertex 0.319289 0.176041 0.242011
    endloop
  endfacet
  facet -0.029020 -0.016845 -0.021773
    outer loop
      vertex 0.199262 0.176041 0.401991
      vertex 0.131890 0.357441 0.351445
      vertex 0.251917 0.357441 0.191465
    endloop
  endfacet
  facet 0.029020 0.016845 0.021773
    outer loop
      vertex 0.199262 0.176041 0.401991
      vertex 0.251917 0.357441 0.191465
      vertex 0.131890 0.357441 0.351445
    endloop
  endfacet
  facet 0.014166 0.000000 -0.018882
    outer loop
      vertex 0.113632 0.126336 0.337746
      vertex 0.046260 0.307737 0.287200
      vertex 0.131890 0.357441 0.351445
    endloop
  endfacet
  facet -0.014166 -0.000000 0.018882
    outer loop
      vertex 0.113632 0.126336 0.337746
      vertex 0.131890 0.357441 0.351445
      vertex 0.046260 0.307737 0.287200
    endloop
  endfacet
  facet -0.014166 -0.000000 0.018882
    outer loop
      vertex 0.113632 0.126336 0.337746
      vertex 0.199262 0.176041 0.401991
      vertex 0.131890 0.357441 0.351445
    endloop
  endfacet
  facet 0.014166 0.000000 -0.018882
    outer loop
      vertex 0.113632 0.126336 0.337746
      vertex 0.131890 0.357441 0.351445
      vertex 0.199262 0.176041 0.401991
    endloop
  endfacet
  facet 0.008828 0.018250 0.034482
    outer loop
      vertex 0.128055 0.365450 0.269456
      vertex 0.128055 0.188682 0.363014
      vertex 0.323123 0.168033 0.324000
    endloop
  endfacet
  facet -0.008828 -0.018250 -0.034482
    outer loop
      vertex 0.128055 0.365450 0.269456
      vertex 0.323123 0.168033 0.324000
      vertex 0.128055 0.188682 0.363014
    endloop
  endfacet
  facet -0.008828 -0.018250 -0.034482
    outer loop
      vertex 0.128055 0.365450 0.269456
      vertex 0.323123 0.344801 0.230442
      vertex 0.323123 0.168033 0.324000
    endloop
  endfacet
  facet 0.008828 0.018250 0.034482
    outer loop
      vertex 0.128055 0.365450 0.269456
      vertex 0.323123 0.168033 0.324000
      vertex 0.323123 0.344801 0.230442
    endloop
  endfacet
  facet 0.000000 -0.018979 0.010045
    outer loop
      vertex 0.128055 0.188682 0.363014
      vertex 0.323123 0.168033 0.324000
      vertex 0.346820 0.217018 0.416553
    endloop
  endfacet
  facet -0.000000 0.018979 -0.010045
    outer loop
      vertex 0.128055 0.188682 0.363014
      vertex 0.346820 0.217018 0.416553
      vertex 0.323123 0.168033 0.324000
    endloop
  endfacet
  facet 0.000000 0.018979 -0.010045
    outer loop
      vertex 0.128055 0.188682 0.363014
      vertex 0.151752 0.237667 0.455567
      vertex 0.346820 0.217018 0.416553
    endloop
  endfacet
  facet -0.000000 -0.018979 0.010045
    outer loop
      vertex 0.128055 0.188682 0.363014
      vertex 0.346820 0.217018 0.416553
      vertex 0.151752 0.237667 0.455567
    endloop
  endfacet
  facet -0.020943 0.002217 0.004189
    outer loop
      vertex 0.323123 0.344801 0.230442
      vertex 0.323123 0.168033 0.324000
      vertex 0.346820 0.217018 0.416553
    endloop
  endfacet
  facet 0.020943 -0.002217 -0.004189
    outer loop
      vertex 0.323123 0.344801 0.230442
      vertex 0.346820 0.217018 0.416553
      vertex 0.323123 0.168033 0.324000
    endloop
  endfacet
  facet 0.020943 -0.002217 -0.004189
    outer loop
      vertex 0.323123 0.344801 0.230442
      vertex 0.346820 0.393786 0.322996
      vertex 0.346820 0.217018 0.416553
    endloop
  endfacet
  facet -0.020943 0.002217 0.004189
    outer loop
      vertex 0.323123 0.344801 0.230442
      vertex 0.346820 0.217018 0.416553
      vertex 0.346820 0.393786 0.322996
    endloop
  endfacet
  facet -0.020943 0.002217 0.004189
    outer loop
      vertex 0.128055 0.365450 0.269456
      vertex 0.128055 0.188682 0.363014
      vertex 0.151752 0.237667 0.455567
    endloop
  endfacet
  facet 0.020943 -0.002217 -0.004189
    outer loop
      vertex 0.128055 0.365450 0.269456
      vertex 0.151752 0.237667 0.455567
      vertex 0.128055 0.188682 0.363014
    endloop
  endfacet
  facet 0.020943 -0.002217 -0.004189
    outer loop
      vertex 0.128055 0.365450 0.269456
      vertex 0.151752 0.414435 0.362010
      vertex 0.151752 0.237667 0.455567
    endloop
  endfacet
  facet -0.020943 0.002217 0.004189
    outer loop
      vertex 0.128055 0.365450 0.269456
      vertex 0.151752 0.237667 0.455567
      vertex 0.151752 0.414435 0.362010
    endloop
  endfacet
  facet 0.008828 0.018250 0.034482
    outer loop
      vertex 0.151752 0.414435 0.362010
      vertex 0.151752 0.237667 0.455567
      vertex 0.346820 0.217018 0.416553
    endloop
  endfacet
  facet -0.008828 -0.018250 -0.034482
    outer loop
      vertex 0.151752 0.414435 0.362010
      vertex 0.346820 0.217018 0.416553
      vertex 0.151752 0.237667 0.455567
    endloop
  endfacet
  facet -0.008828 -0.018250 -0.034482
    outer loop
      vertex 0.151752 0.414435 0.362010
      vertex 0.346820 0.393786 0.322996
      vertex 0.346820 0.217018 0.416553
    endloop
  endfacet
  facet 0.008828 0.018250 0.034482
    outer loop
      vertex 0.151752 0.414435 0.362010
      vertex 0.346820 0.217018 0.416553
      vertex 0.346820 0.393786 0.322996
    endloop
  endfacet
  facet 0.000000 -0.018979 0.010045
    outer loop
      vertex 0.128055 0.365450 0.269456
      vertex 0.323123 0.344801 0.230442
      vertex 0.346820 0.393786 0.322996
    endloop
  endfacet
  facet 0.000000 0.018979 -0.010045
    outer loop
      vertex 0.128055 0.365450 0.269456
      vertex 0.346820 0.393786 0.322996
      vertex 0.323123 0.344801 0.230442
    endloop
  endfacet
  facet 0.000000 0.018979 -0.010045
    outer loop
      vertex 0.128055 0.365450 0.269456
      vertex 0.151752 0.414435 0.362010
      vertex 0.346820 0.393786 0.322996
    endloop
  endfacet
  facet -0.000000 -0.018979 0.010045
    outer loop
      vertex 0.128055 0.365450 0.269456
      vertex 0.346820 0.393786 0.322996
      vertex 0.151752 0.414435 0.362010
    endloop
  endfacet
  facet 0.009391 0.020354 0.033129
    outer loop
      vertex 0.152081 0.413221 0.356938
      vertex 0.152081 0.242812 0.461632
      vertex 0.346491 0.218232 0.421624
    endloop
  endfacet
  facet -0.009391 -0.020354 -0.033129
    outer loop
      vertex 0.152081 0.413221 0.356938
      vertex 0.346491 0.218232 0.421624
      vertex 0.152081 0.242812 0.461632
    endloop
  endfacet
  facet -0.009391 -0.020354 -0.033129
    outer loop
      vertex 0.152081 0.413221 0.356938
      vertex 0.346491 0.388641 0.316930
      vertex 0.346491 0.218232 0.421624
    endloop
  endfacet
  facet 0.009391 0.020354 0.033129
    outer loop
      vertex 0.152081 0.413221 0.356938
      vertex 0.346491 0.218232 0.421624
      vertex 0.346491 0.388641 0.316930
    endloop
  endfacet
  facet -0.000000 -0.020143 0.012375
    outer loop
      vertex 0.152081 0.242812 0.461632
      vertex 0.346491 0.218232 0.421624
      vertex 0.374243 0.278380 0.519526
    endloop
  endfacet
  facet 0.000000 0.020143 -0.012375
    outer loop
      vertex 0.152081 0.242812 0.461632
      vertex 0.374243 0.278380 0.519526
      vertex 0.346491 0.218232 0.421624
    endloop
  endfacet
  facet 0.000000 0.020143 -0.012375
    outer loop
      vertex 0.152081 0.242812 0.461632
      vertex 0.179833 0.302960 0.559534
      vertex 0.374243 0.278380 0.519526
    endloop
  endfacet
  facet -0.000000 -0.020143 0.012375
    outer loop
      vertex 0.152081 0.242812 0.461632
      vertex 0.374243 0.278380 0.519526
      vertex 0.179833 0.302960 0.559534
    endloop
  endfacet
  facet -0.022980 0.002905 0.004729
    outer loop
      vertex 0.346491 0.388641 0.316930
      vertex 0.346491 0.218232 0.421624
      vertex 0.374243 0.278380 0.519526
    endloop
  endfacet
  facet 0.022980 -0.002905 -0.004729
    outer loop
      vertex 0.346491 0.388641 0.316930
      vertex 0.374243 0.278380 0.519526
      vertex 0.346491 0.218232 0.421624
    endloop
  endfacet
  facet 0.022980 -0.002905 -0.004729
    outer loop
      vertex 0.346491 0.388641 0.316930
      vertex 0.374243 0.448789 0.414832
      vertex 0.374243 0.278380 0.519526
    endloop
  endfacet
  facet -0.022980 0.002905 0.004729
    outer loop
      vertex 0.346491 0.388641 0.316930
      vertex 0.374243 0.278380 0.519526
      vertex 0.374243 0.448789 0.414832
    endloop
  endfacet
  facet -0.022980 0.002905 0.004729
    outer loop
      vertex 0.152081 0.413221 0.356938
      vertex 0.152081 0.242812 0.461632
      vertex 0.179833 0.302960 0.559534
    endloop
  endfacet
  facet 0.022980 -0.002905 -0.004729
    outer loop
      vertex 0.152081 0.413221 0.356938
      vertex 0.179833 0.302960 0.559534
      vertex 0.152081 0.242812 0.461632
    endloop
  endfacet
  facet 0.022980 -0.002905 -0.004729
    outer loop
      vertex 0.152081 0.413221 0.356938
      vertex 0.179833 0.473369 0.454840
      vertex 0.179833 0.302960 0.559534
    endloop
  endfacet
  facet -0.022980 0.002905 0.004729
    outer loop
      vertex 0.152081 0.413221 0.356938
      vertex 0.179833 0.302960 0.559534
      vertex 0.179833 0.473369 0.454840
    endloop
  endfacet
  facet 0.009391 0.020354 0.033129
    outer loop
      vertex 0.179833 0.473369 0.454840
      vertex 0.179833 0.302960 0.559534
      vertex 0.374243 0.278380 0.519526
    endloop
  endfacet
  facet -0.009391 -0.020354 -0.033129
    outer loop
      vertex 0.179833 0.473369 0.454840
      vertex 0.374243 0.278380 0.519526
      vertex 0.179833 0.302960 0.559534
    endloop
  endfacet
  facet -0.009391 -0.020354 -0.033129
    outer loop
      vertex 0.179833 0.473369 0.454840
      vertex 0.374243 0.448789 0.414832
      vertex 0.374243 0.278380 0.519526
    endloop
  endfacet
  facet 0.009391 0.020354 0.033129
    outer loop
      vertex 0.179833 0.473369 0.454840
      vertex 0.374243 0.278380 0.519526
      vertex 0.374243 0.448789 0.414832
    endloop
  endfacet
  facet -0.000000 -0.020143 0.012375
    outer loop
      vertex 0.152081 0.413221 0.356938
      vertex 0.346491 0.388641 0.316930
      vertex 0.374243 0.448789 0.414832
    endloop
  endfacet
  facet 0.000000 0.020143 -0.012375
    outer loop
      vertex 0.152081 0.413221 0.356938
      vertex 0.374243 0.448789 0.414832
      vertex 0.346491 0.388641 0.316930
    endloop
  endfacet
  facet 0.000000 0.020143 -0.012375
    outer loop
      vertex 0.152081 0.413221 0.356938
      vertex 0.179833 0.473369 0.454840
      vertex 0.374243 0.448789 0.414832
    endloop
  endfacet
  facet -0.000000 -0.020143 0.012375
    outer loop
      vertex 0.152081 0.413221 0.356938
      vertex 0.374243 0.448789 0.414832
      vertex 0.179833 0.473369 0.454840
    endloop
  endfacet
  facet 0.030919 0.012301 0.022196
    outer loop
      vertex 0.243703 0.280721 0.586353
      vertex 0.360337 0.280721 0.423882
      vertex 0.310372 0.471028 0.388014
    endloop
  endfacet
  facet -0.030919 -0.012301 -0.022196
    outer loop
      vertex 0.243703 0.280721 0.586353
      vertex 0.310372 0.471028 0.388014
      vertex 0.360337 0.280721 0.423882
    endloop
  endfacet
  facet -0.030919 -0.012301 -0.022196
    outer loop
      vertex 0.243703 0.280721 0.586353
      vertex 0.193739 0.471028 0.550484
      vertex 0.310372 0.471028 0.388014
    endloop
  endfacet
  facet 0.030919 0.012301 0.022196
    outer loop
      vertex 0.243703 0.280721 0.586353
      vertex 0.310372 0.471028 0.388014
      vertex 0.193739 0.471028 0.550484
    endloop
  endfacet
  facet 0.011606 0.000000 -0.016167
    outer loop
      vertex 0.360337 0.280721 0.423882
      vertex 0.310372 0.471028 0.388014
      vertex 0.387288 0.501629 0.443230
    endloop
  endfacet
  facet -0.011606 -0.000000 0.016167
    outer loop
      vertex 0.360337 0.280721 0.423882
      vertex 0.387288 0.501629 0.443230
      vertex 0.310372 0.471028 0.388014
    endloop
  endfacet
  facet -0.011606 -0.000000 0.016167
    outer loop
      vertex 0.360337 0.280721 0.423882
      vertex 0.437253 0.311322 0.479098
      vertex 0.387288 0.501629 0.443230
    endloop
  endfacet
  facet 0.011606 0.000000 -0.016167
    outer loop
      vertex 0.360337 0.280721 0.423882
      vertex 0.387288 0.501629 0.443230
      vertex 0.437253 0.311322 0.479098
    endloop
  endfacet
  facet 0.004972 -0.018937 0.003569
    outer loop
      vertex 0.193739 0.471028 0.550484
      vertex 0.310372 0.471028 0.388014
      vertex 0.387288 0.501629 0.443230
    endloop
  endfacet
  facet -0.004972 0.018937 -0.003569
    outer loop
      vertex 0.193739 0.471028 0.550484
      vertex 0.387288 0.501629 0.443230
      vertex 0.310372 0.471028 0.388014
    endloop
  endfacet
  facet -0.004972 0.018937 -0.003569
    outer loop
      vertex 0.193739 0.471028 0.550484
      vertex 0.270654 0.501629 0.605700
      vertex 0.387288 0.501629 0.443230
    endloop
  endfacet
  facet 0.004972 -0.018937 0.003569
    outer loop
      vertex 0.193739 0.471028 0.550484
      vertex 0.387288 0.501629 0.443230
      vertex 0.270654 0.501629 0.605700
    endloop
  endfacet
  facet 0.004972 -0.018937 0.003569
    outer loop
      vertex 0.243703 0.280721 0.586353
      vertex 0.360337 0.280721 0.423882
      vertex 0.437253 0.311322 0.479098
    endloop
  endfacet
  facet -0.004972 0.018937 -0.003569
    outer loop
      vertex 0.243703 0.280721 0.586353
      vertex 0.437253 0.311322 0.479098
      vertex 0.360337 0.280721 0.423882
    endloop
  endfacet
  facet -0.004972 0.018937 -0.003569
    outer loop
      vertex 0.243703 0.280721 0.586353
      vertex 0.320619 0.311322 0.641569
      vertex 0.437253 0.311322 0.479098
    endloop
  endfacet
  facet 0.004972 -0.018937 0.003569
    outer loop
      vertex 0.243703 0.280721 0.586353
      vertex 0.437253 0.311322 0.479098
      vertex 0.320619 0.311322 0.641569
    endloop
  endfacet
  facet 0.030919 0.012301 0.022196
    outer loop
      vertex 0.320619 0.311322 0.641569
      vertex 0.437253 0.311322 0.479098
      vertex 0.387288 0.501629 0.443230
    endloop
  endfacet
  facet -0.030919 -0.012301 -0.022196
    outer loop
      vertex 0.320619 0.311322 0.641569
      vertex 0.387288 0.501629 0.443230
      vertex 0.437253 0.311322 0.479098
    endloop
  endfacet
  facet -0.030919 -0.012301 -0.022196
    outer loop
      vertex 0.320619 0.311322 0.641569
      vertex 0.270654 0.501629 0.605700
      vertex 0.387288 0.501629 0.443230
    endloop
  endfacet
  facet 0.030919 0.012301 0.022196
    outer loop
      vertex 0.320619 0.311322 0.641569
      vertex 0.387288 0.501629 0.443230
      vertex 0.270654 0.501629 0.605700
    endloop
  endfacet
  facet 0.011606 -0.000000 -0.016167
    outer loop
      vertex 0.243703 0.280721 0.586353
      vertex 0.193739 0.471028 0.550484
      vertex 0.270654 0.501629 0.605700
    endloop
  endfacet
  facet -0.011606 0.000000 0.016167
    outer loop
      vertex 0.243703 0.280721 0.586353
      vertex 0.270654 0.501629 0.605700
      vertex 0.193739 0.471028 0.550484
    endloop
  endfacet
  facet -0.011606 0.000000 0.016167
    outer loop
      vertex 0.243703 0.280721 0.586353
      vertex 0.320619 0.311322 0.641569
      vertex 0.270654 0.501629 0.605700
    endloop
  endfacet
  facet 0.011606 -0.000000 -0.016167
    outer loop
      vertex 0.243703 0.280721 0.586353
      vertex 0.270654 0.501629 0.605700
      vertex 0.320619 0.311322 0.641569
    endloop
  endfacet
  facet 0.021946 0.019622 0.027081
    outer loop
      vertex 0.307146 0.319334 0.643470
      vertex 0.462530 0.319334 0.517551
      vertex 0.400762 0.493617 0.441328
    endloop
  endfacet
  facet -0.021946 -0.019622 -0.027081
    outer loop
      vertex 0.307146 0.319334 0.643470
      vertex 0.400762 0.493617 0.441328
      vertex 0.462530 0.319334 0.517551
    endloop
  endfacet
  facet -0.021946 -0.019622 -0.027081
    outer loop
      vertex 0.307146 0.319334 0.643470
      vertex 0.245377 0.493617 0.567248
      vertex 0.400762 0.493617 0.441328
    endloop
  endfacet
  facet 0.021946 0.019622 0.027081
    outer loop
      vertex 0.307146 0.319334 0.643470
      vertex 0.400762 0.493617 0.441328
      vertex 0.245377 0.493617 0.567248
    endloop
  endfacet
  facet 0.021897 0.000000 -0.017745
    outer loop
      vertex 0.462530 0.319334 0.517551
      vertex 0.400762 0.493617 0.441328
      vertex 0.478078 0.562746 0.536737
    endloop
  endfacet
  facet -0.021897 -0.000000 0.017745
    outer loop
      vertex 0.462530 0.319334 0.517551
      vertex 0.478078 0.562746 0.536737
      vertex 0.400762 0.493617 0.441328
    endloop
  endfacet
  facet -0.021897 -0.000000 0.017745
    outer loop
      vertex 0.462530 0.319334 0.517551
      vertex 0.539847 0.388462 0.612959
      vertex 0.478078 0.562746 0.536737
    endloop
  endfacet
  facet 0.021897 0.000000 -0.017745
    outer loop
      vertex 0.462530 0.319334 0.517551
      vertex 0.478078 0.562746 0.536737
      vertex 0.539847 0.388462 0.612959
    endloop
  endfacet
  facet 0.008705 -0.024561 0.010742
    outer loop
      vertex 0.245377 0.493617 0.567248
      vertex 0.400762 0.493617 0.441328
      vertex 0.478078 0.562746 0.536737
    endloop
  endfacet
  facet -0.008705 0.024561 -0.010742
    outer loop
      vertex 0.245377 0.493617 0.567248
      vertex 0.478078 0.562746 0.536737
      vertex 0.400762 0.493617 0.441328
    endloop
  endfacet
  facet -0.008705 0.024561 -0.010742
    outer loop
      vertex 0.245377 0.493617 0.567248
      vertex 0.322694 0.562746 0.662657
      vertex 0.478078 0.562746 0.536737
    endloop
  endfacet
  facet 0.008705 -0.024561 0.010742
    outer loop
      vertex 0.245377 0.493617 0.567248
      vertex 0.478078 0.562746 0.536737
      vertex 0.322694 0.562746 0.662657
    endloop
  endfacet
  facet 0.008705 -0.024561 0.010742
    outer loop
      vertex 0.307146 0.319334 0.643470
      vertex 0.462530 0.319334 0.517551
      vertex 0.539847 0.388462 0.612959
    endloop
  endfacet
  facet -0.008705 0.024561 -0.010742
    outer loop
      vertex 0.307146 0.319334 0.643470
      vertex 0.539847 0.388462 0.612959
      vertex 0.462530 0.319334 0.517551
    endloop
  endfacet
  facet -0.008705 0.024561 -0.010742
    outer loop
      vertex 0.307146 0.319334 0.643470
      vertex 0.384463 0.388462 0.738879
      vertex 0.539847 0.388462 0.612959
    endloop
  endfacet
  facet 0.008705 -0.024561 0.010742
    outer loop
      vertex 0.307146 0.319334 0.643470
      vertex 0.539847 0.388462 0.612959
      vertex 0.384463 0.388462 0.738879
    endloop
  endfacet
  facet 0.021946 0.019622 0.027081
    outer loop
      vertex 0.384463 0.388462 0.738879
      vertex 0.539847 0.388462 0.612959
      vertex 0.478078 0.562746 0.536737
    endloop
  endfacet
  facet -0.021946 -0.019622 -0.027081
    outer loop
      vertex 0.384463 0.388462 0.738879
      vertex 0.478078 0.562746 0.536737
      vertex 0.539847 0.388462 0.612959
    endloop
  endfacet
  facet -0.021946 -0.019622 -0.027081
    outer loop
      vertex 0.384463 0.388462 0.738879
      vertex 0.322694 0.562746 0.662657
      vertex 0.478078 0.562746 0.536737
    endloop
  endfacet
  facet 0.021946 0.019622 0.027081
    outer loop
      vertex 0.384463 0.388462 0.738879
      vertex 0.478078 0.562746 0.536737
      vertex 0.322694 0.562746 0.662657
    endloop
  endfacet
  facet 0.021897 0.000000 -0.017745
    outer loop
      vertex 0.307146 0.319334 0.643470
      vertex 0.245377 0.493617 0.567248
      vertex 0.322694 0.562746 0.662657
    endloop
  endfacet
  facet -0.021897 -0.000000 0.017745
    outer loop
      vertex 0.307146 0.319334 0.643470
      vertex 0.322694 0.562746 0.662657
      vertex 0.245377 0.493617 0.567248
    endloop
  endfacet
  facet -0.021897 -0.000000 0.017745
    outer loop
      vertex 0.307146 0.319334 0.643470
      vertex 0.384463 0.388462 0.738879
      vertex 0.322694 0.562746 0.662657
    endloop
  endfacet
  facet 0.021897 0.000000 -0.017745
    outer loop
      vertex 0.307146 0.319334 0.643470
      vertex 0.322694 0.562746 0.662657
      vertex 0.384463 0.388462 0.738879
    endloop
  endfacet
  facet 0.015854 0.036694 0.001491
    outer loop
      vertex 0.524547 0.439363 0.537877
      vertex 0.340951 0.518689 0.537877
      vertex 0.337994 0.511845 0.737738
    endloop
  endfacet
  facet -0.015854 -0.036694 -0.001491
    outer loop
      vertex 0.524547 0.439363 0.537877
      vertex 0.337994 0.511845 0.737738
      vertex 0.340951 0.518689 0.537877
    endloop
  endfacet
  facet -0.015854 -0.036694 -0.001491
    outer loop
      vertex 0.524547 0.439363 0.537877
      vertex 0.521590 0.432519 0.737738
      vertex 0.337994 0.511845 0.737738
    endloop
  endfacet
  facet 0.015854 0.036694 0.001491
    outer loop
      vertex 0.524547 0.439363 0.537877
      vertex 0.337994 0.511845 0.737738
      vertex 0.521590 0.432519 0.737738
    endloop
  endfacet
  facet -0.018815 0.008129 0.000000
    outer loop
      vertex 0.340951 0.518689 0.537877
      vertex 0.337994 0.511845 0.737738
      vertex 0.378612 0.605853 0.741558
    endloop
  endfacet
  facet 0.018815 -0.008129 -0.000000
    outer loop
      vertex 0.340951 0.518689 0.537877
      vertex 0.378612 0.605853 0.741558
      vertex 0.337994 0.511845 0.737738
    endloop
  endfacet
  facet 0.018815 -0.008129 -0.000000
    outer loop
      vertex 0.340951 0.518689 0.537877
      vertex 0.381569 0.612697 0.541697
      vertex 0.378612 0.605853 0.741558
    endloop
  endfacet
  facet -0.018815 0.008129 0.000000
    outer loop
      vertex 0.340951 0.518689 0.537877
      vertex 0.378612 0.605853 0.741558
      vertex 0.381569 0.612697 0.541697
    endloop
  endfacet
  facet 0.000303 0.000701 -0.020482
    outer loop
      vertex 0.521590 0.432519 0.737738
      vertex 0.337994 0.511845 0.737738
      vertex 0.378612 0.605853 0.741558
    endloop
  endfacet
  facet -0.000303 -0.000701 0.020482
    outer loop
      vertex 0.521590 0.432519 0.737738
      vertex 0.378612 0.605853 0.741558
      vertex 0.337994 0.511845 0.737738
    endloop
  endfacet
  facet -0.000303 -0.000701 0.020482
    outer loop
      vertex 0.521590 0.432519 0.737738
      vertex 0.562208 0.526528 0.741558
      vertex 0.378612 0.605853 0.741558
    endloop
  endfacet
  facet 0.000303 0.000701 -0.020482
    outer loop
      vertex 0.521590 0.432519 0.737738
      vertex 0.378612 0.605853 0.741558
      vertex 0.562208 0.526528 0.741558
    endloop
  endfacet
  facet 0.000303 0.000701 -0.020482
    outer loop
      vertex 0.524547 0.439363 0.537877
      vertex 0.340951 0.518689 0.537877
