solid trajectory
  facet -0.260357 0.239184 0.067864
    outer loop
      vertex -0.207188 -0.126838 -0.347830
      vertex -0.207188 -0.290612 0.229386
      vertex 0.207188 0.126838 0.347830
    endloop
  endfacet
  facet 0.260357 -0.239184 -0.067864
    outer loop
      vertex -0.207188 -0.126838 -0.347830
      vertex 0.207188 0.126838 0.347830
      vertex -0.207188 -0.290612 0.229386
    endloop
  endfacet
  facet 0.260357 -0.239184 -0.067864
    outer loop
      vertex -0.207188 -0.126838 -0.347830
      vertex 0.207188 0.290612 -0.229386
      vertex 0.207188 0.126838 0.347830
    endloop
  endfacet
  facet -0.260357 0.239184 0.067864
    outer loop
      vertex -0.207188 -0.126838 -0.347830
      vertex 0.207188 0.126838 0.347830
      vertex 0.207188 0.290612 -0.229386
    endloop
  endfacet
  facet 0.000000 -0.024585 0.086647
    outer loop
      vertex -0.207188 -0.290612 0.229386
      vertex 0.207188 0.126838 0.347830
      vertex 0.098625 0.226572 0.376128
    endloop
  endfacet
  facet -0.000000 0.024585 -0.086647
    outer loop
      vertex -0.207188 -0.290612 0.229386
      vertex 0.098625 0.226572 0.376128
      vertex 0.207188 0.126838 0.347830
    endloop
  endfacet
  facet -0.000000 0.024585 -0.086647
    outer loop
      vertex -0.207188 -0.290612 0.229386
      vertex -0.315751 -0.190877 0.257684
      vertex 0.098625 0.226572 0.376128
    endloop
  endfacet
  facet 0.000000 -0.024585 0.086647
    outer loop
      vertex -0.207188 -0.290612 0.229386
      vertex 0.098625 0.226572 0.376128
      vertex -0.315751 -0.190877 0.257684
    endloop
  endfacet
  facet -0.062203 -0.062664 -0.017780
    outer loop
      vertex 0.207188 0.290612 -0.229386
      vertex 0.207188 0.126838 0.347830
      vertex 0.098625 0.226572 0.376128
    endloop
  endfacet
  facet 0.062203 0.062664 0.017780
    outer loop
      vertex 0.207188 0.290612 -0.229386
      vertex 0.098625 0.226572 0.376128
      vertex 0.207188 0.126838 0.347830
    endloop
  endfacet
  facet 0.062203 0.062664 0.017780
    outer loop
      vertex 0.207188 0.290612 -0.229386
      vertex 0.098625 0.390347 -0.201088
      vertex 0.098625 0.226572 0.376128
    endloop
  endfacet
  facet -0.062203 -0.062664 -0.017780
    outer loop
      vertex 0.207188 0.290612 -0.229386
      vertex 0.098625 0.226572 0.376128
      vertex 0.098625 0.390347 -0.201088
    endloop
  endfacet
  facet -0.062203 -0.062664 -0.017780
    outer loop
      vertex -0.207188 -0.126838 -0.347830
      vertex -0.207188 -0.290612 0.229386
      vertex -0.315751 -0.190877 0.257684
    endloop
  endfacet
  facet 0.062203 0.062664 0.017780
    outer loop
      vertex -0.207188 -0.126838 -0.347830
      vertex -0.315751 -0.190877 0.257684
      vertex -0.207188 -0.290612 0.229386
    endloop
  endfacet
  facet 0.062203 0.062664 0.017780
    outer loop
      vertex -0.207188 -0.126838 -0.347830
      vertex -0.315751 -0.027103 -0.319532
      vertex -0.315751 -0.190877 0.257684
    endloop
  endfacet
  facet -0.062203 -0.062664 -0.017780
    outer loop
      vertex -0.207188 -0.126838 -0.347830
      vertex -0.315751 -0.190877 0.257684
      vertex -0.315751 -0.027103 -0.319532
    endloop
  endfacet
  facet -0.260357 0.239184 0.067864
    outer loop
      vertex -0.315751 -0.027103 -0.319532
      vertex -0.315751 -0.190877 0.257684
      vertex 0.098625 0.226572 0.376128
    endloop
  endfacet
  facet 0.260357 -0.239184 -0.067864
    outer loop
      vertex -0.315751 -0.027103 -0.319532
      vertex 0.098625 0.226572 0.376128
      vertex -0.315751 -0.190877 0.257684
    endloop
  endfacet
  facet 0.260357 -0.239184 -0.067864
    outer loop
      vertex -0.315751 -0.027103 -0.319532
      vertex 0.098625 0.390347 -0.201088
      vertex 0.098625 0.226572 0.376128
    endloop
  endfacet
  facet -0.260357 0.239184 0.067864
    outer loop
      vertex -0.315751 -0.027103 -0.319532
      vertex 0.098625 0.226572 0.376128
      vertex 0.098625 0.390347 -0.201088
    endloop
  endfacet
  facet 0.000000 -0.024585 0.086647
    outer loop
      vertex -0.207188 -0.126838 -0.347830
      vertex 0.207188 0.290612 -0.229386
      vertex 0.098625 0.390347 -0.201088
    endloop
  endfacet
  facet -0.000000 0.024585 -0.086647
    outer loop
      vertex -0.207188 -0.126838 -0.347830
      vertex 0.098625 0.390347 -0.201088
      vertex 0.207188 0.290612 -0.229386
    endloop
  endfacet
  facet -0.000000 0.024585 -0.086647
    outer loop
      vertex -0.207188 -0.126838 -0.347830
      vertex -0.315751 -0.027103 -0.319532
      vertex 0.098625 0.390347 -0.201088
    endloop
  endfacet
  facet 0.000000 -0.024585 0.086647
    outer loop
      vertex -0.207188 -0.126838 -0.347830
      vertex 0.098625 0.390347 -0.201088
      vertex -0.315751 -0.027103 -0.319532
    endloop
  endfacet
  facet -0.275387 0.209278 0.099823
    outer loop
      vertex -0.301785 0.021758 -0.341276
      vertex -0.301785 -0.236554 0.200273
      vertex 0.084659 0.177711 0.397872
    endloop
  endfacet
  facet 0.275387 -0.209278 -0.099823
    outer loop
      vertex -0.301785 0.021758 -0.341276
      vertex 0.084659 0.177711 0.397872
      vertex -0.301785 -0.236554 0.200273
    endloop
  endfacet
  facet 0.275387 -0.209278 -0.099823
    outer loop
      vertex -0.301785 0.021758 -0.341276
      vertex 0.084659 0.436023 -0.143677
      vertex 0.084659 0.177711 0.397872
    endloop
  endfacet
  facet -0.275387 0.209278 0.099823
    outer loop
      vertex -0.301785 0.021758 -0.341276
      vertex 0.084659 0.177711 0.397872
      vertex 0.084659 0.436023 -0.143677
    endloop
  endfacet
  facet 0.000000 -0.041746 0.087520
    outer loop
      vertex -0.301785 -0.236554 0.200273
      vertex 0.084659 0.177711 0.397872
      vertex -0.038967 0.271660 0.442684
    endloop
  endfacet
  facet 0.000000 0.041746 -0.087520
    outer loop
      vertex -0.301785 -0.236554 0.200273
      vertex -0.038967 0.271660 0.442684
      vertex 0.084659 0.177711 0.397872
    endloop
  endfacet
  facet 0.000000 0.041746 -0.087520
    outer loop
      vertex -0.301785 -0.236554 0.200273
      vertex -0.425411 -0.142605 0.245085
      vertex -0.038967 0.271660 0.442684
    endloop
  endfacet
  facet -0.000000 -0.041746 0.087520
    outer loop
      vertex -0.301785 -0.236554 0.200273
      vertex -0.038967 0.271660 0.442684
      vertex -0.425411 -0.142605 0.245085
    endloop
  endfacet
  facet -0.062453 -0.066950 -0.031934
    outer loop
      vertex 0.084659 0.436023 -0.143677
      vertex 0.084659 0.177711 0.397872
      vertex -0.038967 0.271660 0.442684
    endloop
  endfacet
  facet 0.062453 0.066950 0.031934
    outer loop
      vertex 0.084659 0.436023 -0.143677
      vertex -0.038967 0.271660 0.442684
      vertex 0.084659 0.177711 0.397872
    endloop
  endfacet
  facet 0.062453 0.066950 0.031934
    outer loop
      vertex 0.084659 0.436023 -0.143677
      vertex -0.038967 0.529972 -0.098865
      vertex -0.038967 0.271660 0.442684
    endloop
  endfacet
  facet -0.062453 -0.066950 -0.031934
    outer loop
      vertex 0.084659 0.436023 -0.143677
      vertex -0.038967 0.271660 0.442684
      vertex -0.038967 0.529972 -0.098865
    endloop
  endfacet
  facet -0.062453 -0.066950 -0.031934
    outer loop
      vertex -0.301785 0.021758 -0.341276
      vertex -0.301785 -0.236554 0.200273
      vertex -0.425411 -0.142605 0.245085
    endloop
  endfacet
  facet 0.062453 0.066950 0.031934
    outer loop
      vertex -0.301785 0.021758 -0.341276
      vertex -0.425411 -0.142605 0.245085
      vertex -0.301785 -0.236554 0.200273
    endloop
  endfacet
  facet 0.062453 0.066950 0.031934
    outer loop
      vertex -0.301785 0.021758 -0.341276
      vertex -0.425411 0.115706 -0.296464
      vertex -0.425411 -0.142605 0.245085
    endloop
  endfacet
  facet -0.062453 -0.066950 -0.031934
    outer loop
      vertex -0.301785 0.021758 -0.341276
      vertex -0.425411 -0.142605 0.245085
      vertex -0.425411 0.115706 -0.296464
    endloop
  endfacet
  facet -0.275387 0.209278 0.099823
    outer loop
      vertex -0.425411 0.115706 -0.296464
      vertex -0.425411 -0.142605 0.245085
      vertex -0.038967 0.271660 0.442684
    endloop
  endfacet
  facet 0.275387 -0.209278 -0.099823
    outer loop
      vertex -0.425411 0.115706 -0.296464
      vertex -0.038967 0.271660 0.442684
      vertex -0.425411 -0.142605 0.245085
    endloop
  endfacet
  facet 0.275387 -0.209278 -0.099823
    outer loop
      vertex -0.425411 0.115706 -0.296464
      vertex -0.038967 0.529972 -0.098865
      vertex -0.038967 0.271660 0.442684
    endloop
  endfacet
  facet -0.275387 0.209278 0.099823
    outer loop
      vertex -0.425411 0.115706 -0.296464
      vertex -0.038967 0.271660 0.442684
      vertex -0.038967 0.529972 -0.098865
    endloop
  endfacet
  facet 0.000000 -0.041746 0.087520
    outer loop
      vertex -0.301785 0.021758 -0.341276
      vertex 0.084659 0.436023 -0.143677
      vertex -0.038967 0.529972 -0.098865
    endloop
  endfacet
  facet 0.000000 0.041746 -0.087520
    outer loop
      vertex -0.301785 0.021758 -0.341276
      vertex -0.038967 0.529972 -0.098865
      vertex 0.084659 0.436023 -0.143677
    endloop
  endfacet
  facet -0.000000 0.041746 -0.087520
    outer loop
      vertex -0.301785 0.021758 -0.341276
      vertex -0.425411 0.115706 -0.296464
      vertex -0.038967 0.529972 -0.098865
    endloop
  endfacet
  facet 0.000000 -0.041746 0.087520
    outer loop
      vertex -0.301785 0.021758 -0.341276
      vertex -0.038967 0.529972 -0.098865
      vertex -0.425411 0.115706 -0.296464
    endloop
  endfacet
  facet -0.292138 0.177108 0.113526
    outer loop
      vertex -0.407497 0.150621 -0.310834
      vertex -0.407497 -0.173169 0.194300
      vertex -0.056881 0.236745 0.457054
    endloop
  endfacet
  facet 0.292138 -0.177108 -0.113526
    outer loop
      vertex -0.407497 0.150621 -0.310834
      vertex -0.056881 0.236745 0.457054
      vertex -0.407497 -0.173169 0.194300
    endloop
  endfacet
  facet 0.292138 -0.177108 -0.113526
    outer loop
      vertex -0.407497 0.150621 -0.310834
      vertex -0.056881 0.560535 -0.048080
      vertex -0.056881 0.236745 0.457054
    endloop
  endfacet
  facet -0.292138 0.177108 0.113526
    outer loop
      vertex -0.407497 0.150621 -0.310834
      vertex -0.056881 0.236745 0.457054
      vertex -0.056881 0.560535 -0.048080
    endloop
  endfacet
  facet 0.000000 -0.059010 0.092059
    outer loop
      vertex -0.407497 -0.173169 0.194300
      vertex -0.056881 0.236745 0.457054
      vertex -0.204774 0.326404 0.514526
    endloop
  endfacet
  facet -0.000000 0.059010 -0.092059
    outer loop
      vertex -0.407497 -0.173169 0.194300
      vertex -0.204774 0.326404 0.514526
      vertex -0.056881 0.236745 0.457054
    endloop
  endfacet
  facet -0.000000 0.059010 -0.092059
    outer loop
      vertex -0.407497 -0.173169 0.194300
      vertex -0.555390 -0.083509 0.251771
      vertex -0.204774 0.326404 0.514526
    endloop
  endfacet
  facet 0.000000 -0.059010 0.092059
    outer loop
      vertex -0.407497 -0.173169 0.194300
      vertex -0.204774 0.326404 0.514526
      vertex -0.555390 -0.083509 0.251771
    endloop
  endfacet
  facet -0.063899 -0.074706 -0.047886
    outer loop
      vertex -0.056881 0.560535 -0.048080
      vertex -0.056881 0.236745 0.457054
      vertex -0.204774 0.326404 0.514526
    endloop
  endfacet
  facet 0.063899 0.074706 0.047886
    outer loop
      vertex -0.056881 0.560535 -0.048080
      vertex -0.204774 0.326404 0.514526
      vertex -0.056881 0.236745 0.457054
    endloop
  endfacet
  facet 0.063899 0.074706 0.047886
    outer loop
      vertex -0.056881 0.560535 -0.048080
      vertex -0.204774 0.650194 0.009392
      vertex -0.204774 0.326404 0.514526
    endloop
  endfacet
  facet -0.063899 -0.074706 -0.047886
    outer loop
      vertex -0.056881 0.560535 -0.048080
      vertex -0.204774 0.326404 0.514526
      vertex -0.204774 0.650194 0.009392
    endloop
  endfacet
  facet -0.063899 -0.074706 -0.047886
    outer loop
      vertex -0.407497 0.150621 -0.310834
      vertex -0.407497 -0.173169 0.194300
      vertex -0.555390 -0.083509 0.251771
    endloop
  endfacet
  facet 0.063899 0.074706 0.047886
    outer loop
      vertex -0.407497 0.150621 -0.310834
      vertex -0.555390 -0.083509 0.251771
      vertex -0.407497 -0.173169 0.194300
    endloop
  endfacet
  facet 0.063899 0.074706 0.047886
    outer loop
      vertex -0.407497 0.150621 -0.310834
      vertex -0.555390 0.240281 -0.253362
      vertex -0.555390 -0.083509 0.251771
    endloop
  endfacet
  facet -0.063899 -0.074706 -0.047886
    outer loop
      vertex -0.407497 0.150621 -0.310834
      vertex -0.555390 -0.083509 0.251771
      vertex -0.555390 0.240281 -0.253362
    endloop
  endfacet
  facet -0.292138 0.177108 0.113526
    outer loop
      vertex -0.555390 0.240281 -0.253362
      vertex -0.555390 -0.083509 0.251771
      vertex -0.204774 0.326404 0.514526
    endloop
  endfacet
  facet 0.292138 -0.177108 -0.113526
    outer loop
      vertex -0.555390 0.240281 -0.253362
      vertex -0.204774 0.326404 0.514526
      vertex -0.555390 -0.083509 0.251771
    endloop
  endfacet
  facet 0.292138 -0.177108 -0.113526
    outer loop
      vertex -0.555390 0.240281 -0.253362
      vertex -0.204774 0.650194 0.009392
      vertex -0.204774 0.326404 0.514526
    endloop
  endfacet
  facet -0.292138 0.177108 0.113526
    outer loop
      vertex -0.555390 0.240281 -0.253362
      vertex -0.204774 0.326404 0.514526
      vertex -0.204774 0.650194 0.009392
    endloop
  endfacet
  facet 0.000000 -0.059010 0.092059
    outer loop
      vertex -0.407497 0.150621 -0.310834
      vertex -0.056881 0.560535 -0.048080
      vertex -0.204774 0.650194 0.009392
    endloop
  endfacet
  facet 0.000000 0.059010 -0.092059
    outer loop
      vertex -0.407497 0.150621 -0.310834
      vertex -0.204774 0.650194 0.009392
      vertex -0.056881 0.560535 -0.048080
    endloop
  endfacet
  facet -0.000000 0.059010 -0.092059
    outer loop
      vertex -0.407497 0.150621 -0.310834
      vertex -0.555390 0.240281 -0.253362
      vertex -0.204774 0.650194 0.009392
    endloop
  endfacet
  facet 0.000000 -0.059010 0.092059
    outer loop
      vertex -0.407497 0.150621 -0.310834
      vertex -0.204774 0.650194 0.009392
      vertex -0.555390 0.240281 -0.253362
    endloop
  endfacet
  facet -0.303118 0.160446 0.109438
    outer loop
      vertex -0.541928 0.243710 -0.259591
      vertex -0.541928 -0.094381 0.236084
      vertex -0.218236 0.322975 0.520755
    endloop
  endfacet
  facet 0.303118 -0.160446 -0.109438
    outer loop
      vertex -0.541928 0.243710 -0.259591
      vertex -0.218236 0.322975 0.520755
      vertex -0.541928 -0.094381 0.236084
    endloop
  endfacet
  facet 0.303118 -0.160446 -0.109438
    outer loop
      vertex -0.541928 0.243710 -0.259591
      vertex -0.218236 0.661066 0.025079
      vertex -0.218236 0.322975 0.520755
    endloop
  endfacet
  facet -0.303118 0.160446 0.109438
    outer loop
      vertex -0.541928 0.243710 -0.259591
      vertex -0.218236 0.322975 0.520755
      vertex -0.218236 0.661066 0.025079
    endloop
  endfacet
  facet -0.000000 -0.062865 0.092166
    outer loop
      vertex -0.541928 -0.094381 0.236084
      vertex -0.218236 0.322975 0.520755
      vertex -0.374796 0.405845 0.577279
    endloop
  endfacet
  facet 0.000000 0.062865 -0.092166
    outer loop
      vertex -0.541928 -0.094381 0.236084
      vertex -0.374796 0.405845 0.577279
      vertex -0.218236 0.322975 0.520755
    endloop
  endfacet
  facet 0.000000 0.062865 -0.092166
    outer loop
      vertex -0.541928 -0.094381 0.236084
      vertex -0.698488 -0.011510 0.292609
      vertex -0.374796 0.405845 0.577279
    endloop
  endfacet
  facet -0.000000 -0.062865 0.092166
    outer loop
      vertex -0.541928 -0.094381 0.236084
      vertex -0.374796 0.405845 0.577279
      vertex -0.698488 -0.011510 0.292609
    endloop
  endfacet
  facet -0.060187 -0.077603 -0.052932
    outer loop
      vertex -0.218236 0.661066 0.025079
      vertex -0.218236 0.322975 0.520755
      vertex -0.374796 0.405845 0.577279
    endloop
  endfacet
  facet 0.060187 0.077603 0.052932
    outer loop
      vertex -0.218236 0.661066 0.025079
      vertex -0.374796 0.405845 0.577279
      vertex -0.218236 0.322975 0.520755
    endloop
  endfacet
  facet 0.060187 0.077603 0.052932
    outer loop
      vertex -0.218236 0.661066 0.025079
      vertex -0.374796 0.743937 0.081604
      vertex -0.374796 0.405845 0.577279
    endloop
  endfacet
  facet -0.060187 -0.077603 -0.052932
    outer loop
      vertex -0.218236 0.661066 0.025079
      vertex -0.374796 0.405845 0.577279
      vertex -0.374796 0.743937 0.081604
    endloop
  endfacet
  facet -0.060187 -0.077603 -0.052932
    outer loop
      vertex -0.541928 0.243710 -0.259591
      vertex -0.541928 -0.094381 0.236084
      vertex -0.698488 -0.011510 0.292609
    endloop
  endfacet
  facet 0.060187 0.077603 0.052932
    outer loop
      vertex -0.541928 0.243710 -0.259591
      vertex -0.698488 -0.011510 0.292609
      vertex -0.541928 -0.094381 0.236084
    endloop
  endfacet
  facet 0.060187 0.077603 0.052932
    outer loop
      vertex -0.541928 0.243710 -0.259591
      vertex -0.698488 0.326581 -0.203067
      vertex -0.698488 -0.011510 0.292609
    endloop
  endfacet
  facet -0.060187 -0.077603 -0.052932
    outer loop
      vertex -0.541928 0.243710 -0.259591
      vertex -0.698488 -0.011510 0.292609
      vertex -0.698488 0.326581 -0.203067
    endloop
  endfacet
  facet -0.303118 0.160446 0.109438
    outer loop
      vertex -0.698488 0.326581 -0.203067
      vertex -0.698488 -0.011510 0.292609
      vertex -0.374796 0.405845 0.577279
    endloop
  endfacet
  facet 0.303118 -0.160446 -0.109438
    outer loop
      vertex -0.698488 0.326581 -0.203067
      vertex -0.374796 0.405845 0.577279
      vertex -0.698488 -0.011510 0.292609
    endloop
  endfacet
  facet 0.303118 -0.160446 -0.109438
    outer loop
      vertex -0.698488 0.326581 -0.203067
      vertex -0.374796 0.743937 0.081604
      vertex -0.374796 0.405845 0.577279
    endloop
  endfacet
  facet -0.303118 0.160446 0.109438
    outer loop
      vertex -0.698488 0.326581 -0.203067
      vertex -0.374796 0.405845 0.577279
      vertex -0.374796 0.743937 0.081604
    endloop
  endfacet
  facet 0.000000 -0.062865 0.092166
    outer loop
      vertex -0.541928 0.243710 -0.259591
      vertex -0.218236 0.661066 0.025079
      vertex -0.374796 0.743937 0.081604
    endloop
  endfacet
  facet 0.000000 0.062865 -0.092166
    outer loop
      vertex -0.541928 0.243710 -0.259591
      vertex -0.374796 0.743937 0.081604
      vertex -0.218236 0.661066 0.025079
    endloop
  endfacet
  facet 0.000000 0.062865 -0.092166
    outer loop
      vertex -0.541928 0.243710 -0.259591
      vertex -0.698488 0.326581 -0.203067
      vertex -0.374796 0.743937 0.081604
    endloop
  endfacet
  facet -0.000000 -0.062865 0.092166
    outer loop
      vertex -0.541928 0.243710 -0.259591
      vertex -0.374796 0.743937 0.081604
      vertex -0.698488 0.326581 -0.203067
    endloop
  endfacet
  facet -0.301389 0.162734 0.110824
    outer loop
      vertex -0.700714 0.327486 -0.202227
      vertex -0.700714 -0.010243 0.293696
      vertex -0.372570 0.404940 0.576440
    endloop
  endfacet
  facet 0.301389 -0.162734 -0.110824
    outer loop
      vertex -0.700714 0.327486 -0.202227
      vertex -0.372570 0.404940 0.576440
      vertex -0.700714 -0.010243 0.293696
    endloop
  endfacet
  facet 0.301389 -0.162734 -0.110824
    outer loop
      vertex -0.700714 0.327486 -0.202227
      vertex -0.372570 0.742669 0.080517
      vertex -0.372570 0.404940 0.576440
    endloop
  endfacet
  facet -0.301389 0.162734 0.110824
    outer loop
      vertex -0.700714 0.327486 -0.202227
      vertex -0.372570 0.404940 0.576440
      vertex -0.372570 0.742669 0.080517
    endloop
  endfacet
  facet -0.000000 -0.057141 0.083906
    outer loop
      vertex -0.700714 -0.010243 0.293696
      vertex -0.372570 0.404940 0.576440
      vertex -0.514216 0.481422 0.628524
    endloop
  endfacet
  facet 0.000000 0.057141 -0.083906
    outer loop
      vertex -0.700714 -0.010243 0.293696
      vertex -0.514216 0.481422 0.628524
      vertex -0.372570 0.404940 0.576440
    endloop
  endfacet
  facet 0.000000 0.057141 -0.083906
    outer loop
      vertex -0.700714 -0.010243 0.293696
      vertex -0.842361 0.066239 0.345780
      vertex -0.514216 0.481422 0.628524
    endloop
  endfacet
  facet -0.000000 -0.057141 0.083906
    outer loop
      vertex -0.700714 -0.010243 0.293696
      vertex -0.514216 0.481422 0.628524
      vertex -0.842361 0.066239 0.345780
    endloop
  endfacet
  facet -0.055519 -0.070246 -0.047838
    outer loop
      vertex -0.372570 0.742669 0.080517
      vertex -0.372570 0.404940 0.576440
      vertex -0.514216 0.481422 0.628524
    endloop
  endfacet
  facet 0.055519 0.070246 0.047838
    outer loop
      vertex -0.372570 0.742669 0.080517
      vertex -0.514216 0.481422 0.628524
      vertex -0.372570 0.404940 0.576440
    endloop
  endfacet
  facet 0.055519 0.070246 0.047838
    outer loop
      vertex -0.372570 0.742669 0.080517
      vertex -0.514216 0.819150 0.132601
      vertex -0.514216 0.481422 0.628524
    endloop
  endfacet
  facet -0.055519 -0.070246 -0.047838
    outer loop
      vertex -0.372570 0.742669 0.080517
      vertex -0.514216 0.481422 0.628524
      vertex -0.514216 0.819150 0.132601
    endloop
  endfacet
  facet -0.055519 -0.070246 -0.047838
    outer loop
      vertex -0.700714 0.327486 -0.202227
      vertex -0.700714 -0.010243 0.293696
      vertex -0.842361 0.066239 0.345780
    endloop
  endfacet
  facet 0.055519 0.070246 0.047838
    outer loop
      vertex -0.700714 0.327486 -0.202227
      vertex -0.842361 0.066239 0.345780
      vertex -0.700714 -0.010243 0.293696
    endloop
  endfacet
  facet 0.055519 0.070246 0.047838
    outer loop
      vertex -0.700714 0.327486 -0.202227
      vertex -0.842361 0.403967 -0.150143
      vertex -0.842361 0.066239 0.345780
    endloop
  endfacet
  facet -0.055519 -0.070246 -0.047838
    outer loop
      vertex -0.700714 0.327486 -0.202227
      vertex -0.842361 0.066239 0.345780
      vertex -0.842361 0.403967 -0.150143
    endloop
  endfacet
  facet -0.301389 0.162734 0.110824
    outer loop
      vertex -0.842361 0.403967 -0.150143
      vertex -0.842361 0.066239 0.345780
      vertex -0.514216 0.481422 0.628524
    endloop
  endfacet
  facet 0.301389 -0.162734 -0.110824
    outer loop
      vertex -0.842361 0.403967 -0.150143
      vertex -0.514216 0.481422 0.628524
      vertex -0.842361 0.066239 0.345780
    endloop
  endfacet
  facet 0.301389 -0.162734 -0.110824
    outer loop
      vertex -0.842361 0.403967 -0.150143
      vertex -0.514216 0.819150 0.132601
      vertex -0.514216 0.481422 0.628524
    endloop
  endfacet
  facet -0.301389 0.162734 0.110824
    outer loop
      vertex -0.842361 0.403967 -0.150143
      vertex -0.514216 0.481422 0.628524
      vertex -0.514216 0.819150 0.132601
    endloop
  endfacet
  facet 0.000000 -0.057141 0.083906
    outer loop
      vertex -0.700714 0.327486 -0.202227
      vertex -0.372570 0.742669 0.080517
      vertex -0.514216 0.819150 0.132601
    endloop
  endfacet
  facet 0.000000 0.057141 -0.083906
    outer loop
      vertex -0.700714 0.327486 -0.202227
      vertex -0.514216 0.819150 0.132601
      vertex -0.372570 0.742669 0.080517
    endloop
  endfacet
  facet 0.000000 0.057141 -0.083906
    outer loop
      vertex -0.700714 0.327486 -0.202227
      vertex -0.842361 0.403967 -0.150143
      vertex -0.514216 0.819150 0.132601
    endloop
  endfacet
  facet -0.000000 -0.057141 0.083906
    outer loop
      vertex -0.700714 0.327486 -0.202227
      vertex -0.514216 0.819150 0.132601
      vertex -0.842361 0.403967 -0.150143
    endloop
  endfacet
  facet -0.275121 0.185703 0.139365
    outer loop
      vertex -0.871773 0.439395 -0.138371
      vertex -0.871773 0.079249 0.341519
      vertex -0.484804 0.445994 0.616753
    endloop
  endfacet
  facet 0.275121 -0.185703 -0.139365
    outer loop
      vertex -0.871773 0.439395 -0.138371
      vertex -0.484804 0.445994 0.616753
      vertex -0.871773 0.079249 0.341519
    endloop
  endfacet
  facet 0.275121 -0.185703 -0.139365
    outer loop
      vertex -0.871773 0.439395 -0.138371
      vertex -0.484804 0.806140 0.136862
      vertex -0.484804 0.445994 0.616753
    endloop
  endfacet
  facet -0.275121 0.185703 0.139365
    outer loop
      vertex -0.871773 0.439395 -0.138371
      vertex -0.484804 0.445994 0.616753
      vertex -0.484804 0.806140 0.136862
    endloop
  endfacet
  facet 0.000000 -0.068799 0.091673
    outer loop
      vertex -0.871773 0.079249 0.341519
      vertex -0.484804 0.445994 0.616753
      vertex -0.630794 0.544535 0.690705
    endloop
  endfacet
  facet 0.000000 0.068799 -0.091673
    outer loop
      vertex -0.871773 0.079249 0.341519
      vertex -0.630794 0.544535 0.690705
      vertex -0.484804 0.445994 0.616753
    endloop
  endfacet
  facet 0.000000 0.068799 -0.091673
    outer loop
      vertex -0.871773 0.079249 0.341519
      vertex -1.017763 0.177790 0.415472
      vertex -0.630794 0.544535 0.690705
    endloop
  endfacet
  facet 0.000000 -0.068799 0.091673
    outer loop
      vertex -0.871773 0.079249 0.341519
      vertex -0.630794 0.544535 0.690705
      vertex -1.017763 0.177790 0.415472
    endloop
  endfacet
  facet -0.073923 -0.070059 -0.052578
    outer loop
      vertex -0.484804 0.806140 0.136862
      vertex -0.484804 0.445994 0.616753
      vertex -0.630794 0.544535 0.690705
    endloop
  endfacet
  facet 0.073923 0.070059 0.052578
    outer loop
      vertex -0.484804 0.806140 0.136862
      vertex -0.630794 0.544535 0.690705
      vertex -0.484804 0.445994 0.616753
    endloop
  endfacet
  facet 0.073923 0.070059 0.052578
    outer loop
      vertex -0.484804 0.806140 0.136862
      vertex -0.630794 0.904681 0.210815
      vertex -0.630794 0.544535 0.690705
    endloop
  endfacet
  facet -0.073923 -0.070059 -0.052578
    outer loop
      vertex -0.484804 0.806140 0.136862
      vertex -0.630794 0.544535 0.690705
      vertex -0.630794 0.904681 0.210815
    endloop
  endfacet
  facet -0.073923 -0.070059 -0.052578
    outer loop
      vertex -0.871773 0.439395 -0.138371
      vertex -0.871773 0.079249 0.341519
      vertex -1.017763 0.177790 0.415472
    endloop
  endfacet
  facet 0.073923 0.070059 0.052578
    outer loop
      vertex -0.871773 0.439395 -0.138371
      vertex -1.017763 0.177790 0.415472
      vertex -0.871773 0.079249 0.341519
    endloop
  endfacet
  facet 0.073923 0.070059 0.052578
    outer loop
      vertex -0.871773 0.439395 -0.138371
      vertex -1.017763 0.537936 -0.064418
      vertex -1.017763 0.177790 0.415472
    endloop
  endfacet
  facet -0.073923 -0.070059 -0.052578
    outer loop
      vertex -0.871773 0.439395 -0.138371
      vertex -1.017763 0.177790 0.415472
      vertex -1.017763 0.537936 -0.064418
    endloop
  endfacet
  facet -0.275121 0.185703 0.139365
    outer loop
      vertex -1.017763 0.537936 -0.064418
      vertex -1.017763 0.177790 0.415472
      vertex -0.630794 0.544535 0.690705
    endloop
  endfacet
  facet 0.275121 -0.185703 -0.139365
    outer loop
      vertex -1.017763 0.537936 -0.064418
      vertex -0.630794 0.544535 0.690705
      vertex -1.017763 0.177790 0.415472
    endloop
  endfacet
  facet 0.275121 -0.185703 -0.139365
    outer loop
      vertex -1.017763 0.537936 -0.064418
      vertex -0.630794 0.904681 0.210815
      vertex -0.630794 0.544535 0.690705
    endloop
  endfacet
  facet -0.275121 0.185703 0.139365
    outer loop
      vertex -1.017763 0.537936 -0.064418
      vertex -0.630794 0.544535 0.690705
      vertex -0.630794 0.904681 0.210815
    endloop
  endfacet
  facet 0.000000 -0.068799 0.091673
    outer loop
      vertex -0.871773 0.439395 -0.138371
      vertex -0.484804 0.806140 0.136862
      vertex -0.630794 0.904681 0.210815
    endloop
  endfacet
  facet 0.000000 0.068799 -0.091673
    outer loop
      vertex -0.871773 0.439395 -0.138371
      vertex -0.630794 0.904681 0.210815
      vertex -0.484804 0.806140 0.136862
    endloop
  endfacet
  facet 0.000000 0.068799 -0.091673
    outer loop
      vertex -0.871773 0.439395 -0.138371
      vertex -1.017763 0.537936 -0.064418
      vertex -0.630794 0.904681 0.210815
    endloop
  endfacet
  facet -0.000000 -0.068799 0.091673
    outer loop
      vertex -0.871773 0.439395 -0.138371
      vertex -0.630794 0.904681 0.210815
      vertex -1.017763 0.537936 -0.064418
    endloop
  endfacet
  facet -0.259455 0.195432 0.155208
    outer loop
      vertex -1.032250 0.558496 -0.056248
      vertex -1.032250 0.185349 0.413604
      vertex -0.616306 0.523975 0.682534
    endloop
  endfacet
  facet 0.259455 -0.195432 -0.155208
    outer loop
      vertex -1.032250 0.558496 -0.056248
      vertex -0.616306 0.523975 0.682534
      vertex -1.032250 0.185349 0.413604
    endloop
  endfacet
  facet 0.259455 -0.195432 -0.155208
    outer loop
      vertex -1.032250 0.558496 -0.056248
      vertex -0.616306 0.897122 0.212682
      vertex -0.616306 0.523975 0.682534
    endloop
  endfacet
  facet -0.259455 0.195432 0.155208
    outer loop
      vertex -1.032250 0.558496 -0.056248
      vertex -0.616306 0.523975 0.682534
      vertex -0.616306 0.897122 0.212682
    endloop
  endfacet
  facet 0.000000 -0.070388 0.088630
    outer loop
      vertex -1.032250 0.185349 0.413604
      vertex -0.616306 0.523975 0.682534
      vertex -0.752256 0.626377 0.763861
    endloop
  endfacet
  facet -0.000000 0.070388 -0.088630
    outer loop
      vertex -1.032250 0.185349 0.413604
      vertex -0.752256 0.626377 0.763861
      vertex -0.616306 0.523975 0.682534
    endloop
  endfacet
  facet -0.000000 0.070388 -0.088630
    outer loop
      vertex -1.032250 0.185349 0.413604
      vertex -1.168199 0.287752 0.494931
      vertex -0.752256 0.626377 0.763861
    endloop
  endfacet
  facet 0.000000 -0.070388 0.088630
    outer loop
      vertex -1.032250 0.185349 0.413604
      vertex -0.752256 0.626377 0.763861
      vertex -1.168199 0.287752 0.494931
    endloop
  endfacet
  facet -0.078461 -0.063876 -0.050729
    outer loop
      vertex -0.616306 0.897122 0.212682
      vertex -0.616306 0.523975 0.682534
      vertex -0.752256 0.626377 0.763861
    endloop
  endfacet
  facet 0.078461 0.063876 0.050729
    outer loop
      vertex -0.616306 0.897122 0.212682
      vertex -0.752256 0.626377 0.763861
      vertex -0.616306 0.523975 0.682534
    endloop
  endfacet
  facet 0.078461 0.063876 0.050729
    outer loop
      vertex -0.616306 0.897122 0.212682
      vertex -0.752256 0.999525 0.294008
      vertex -0.752256 0.626377 0.763861
    endloop
  endfacet
  facet -0.078461 -0.063876 -0.050729
    outer loop
      vertex -0.616306 0.897122 0.212682
      vertex -0.752256 0.626377 0.763861
      vertex -0.752256 0.999525 0.294008
    endloop
  endfacet
  facet -0.078461 -0.063876 -0.050729
    outer loop
      vertex -1.032250 0.558496 -0.056248
      vertex -1.032250 0.185349 0.413604
      vertex -1.168199 0.287752 0.494931
    endloop
  endfacet
  facet 0.078461 0.063876 0.050729
    outer loop
      vertex -1.032250 0.558496 -0.056248
      vertex -1.168199 0.287752 0.494931
      vertex -1.032250 0.185349 0.413604
    endloop
  endfacet
  facet 0.078461 0.063876 0.050729
    outer loop
      vertex -1.032250 0.558496 -0.056248
      vertex -1.168199 0.660899 0.025078
      vertex -1.168199 0.287752 0.494931
    endloop
  endfacet
  facet -0.078461 -0.063876 -0.050729
    outer loop
      vertex -1.032250 0.558496 -0.056248
      vertex -1.168199 0.287752 0.494931
      vertex -1.168199 0.660899 0.025078
    endloop
  endfacet
  facet -0.259455 0.195432 0.155208
    outer loop
      vertex -1.168199 0.660899 0.025078
      vertex -1.168199 0.287752 0.494931
      vertex -0.752256 0.626377 0.763861
    endloop
  endfacet
  facet 0.259455 -0.195432 -0.155208
    outer loop
      vertex -1.168199 0.660899 0.025078
      vertex -0.752256 0.626377 0.763861
      vertex -1.168199 0.287752 0.494931
    endloop
  endfacet
  facet 0.259455 -0.195432 -0.155208
    outer loop
      vertex -1.168199 0.660899 0.025078
      vertex -0.752256 0.999525 0.294008
      vertex -0.752256 0.626377 0.763861
    endloop
  endfacet
  facet -0.259455 0.195432 0.155208
    outer loop
      vertex -1.168199 0.660899 0.025078
      vertex -0.752256 0.626377 0.763861
      vertex -0.752256 0.999525 0.294008
    endloop
  endfacet
  facet -0.000000 -0.070388 0.088630
    outer loop
      vertex -1.032250 0.558496 -0.056248
      vertex -0.616306 0.897122 0.212682
      vertex -0.752256 0.999525 0.294008
    endloop
  endfacet
  facet 0.000000 0.070388 -0.088630
    outer loop
      vertex -1.032250 0.558496 -0.056248
      vertex -0.752256 0.999525 0.294008
      vertex -0.616306 0.897122 0.212682
    endloop
  endfacet
  facet -0.000000 0.070388 -0.088630
    outer loop
      vertex -1.032250 0.558496 -0.056248
      vertex -1.168199 0.660899 0.025078
      vertex -0.752256 0.999525 0.294008
    endloop
  endfacet
  facet 0.000000 -0.070388 0.088630
    outer loop
      vertex -1.032250 0.558496 -0.056248
      vertex -0.752256 0.999525 0.294008
      vertex -1.168199 0.660899 0.025078
    endloop
  endfacet
  facet -0.243695 0.187327 0.187408
    outer loop
      vertex -1.181042 0.712248 0.038754
      vertex -1.181042 0.287893 0.462926
      vertex -0.739413 0.575028 0.750185
    endloop
  endfacet
  facet 0.243695 -0.187327 -0.187408
    outer loop
      vertex -1.181042 0.712248 0.038754
      vertex -0.739413 0.575028 0.750185
      vertex -1.181042 0.287893 0.462926
    endloop
  endfacet
  facet 0.243695 -0.187327 -0.187408
    outer loop
      vertex -1.181042 0.712248 0.038754
      vertex -0.739413 0.999383 0.326013
      vertex -0.739413 0.575028 0.750185
    endloop
  endfacet
  facet -0.243695 0.187327 0.187408
    outer loop
      vertex -1.181042 0.712248 0.038754
      vertex -0.739413 0.575028 0.750185
      vertex -0.739413 0.999383 0.326013
    endloop
  endfacet
  facet 0.000000 -0.075879 0.075846
    outer loop
      vertex -1.181042 0.287893 0.462926
      vertex -0.739413 0.575028 0.750185
      vertex -0.860455 0.668072 0.843270
    endloop
  endfacet
  facet -0.000000 0.075879 -0.075846
    outer loop
      vertex -1.181042 0.287893 0.462926
      vertex -0.860455 0.668072 0.843270
      vertex -0.739413 0.575028 0.750185
    endloop
  endfacet
  facet -0.000000 0.075879 -0.075846
    outer loop
      vertex -1.181042 0.287893 0.462926
      vertex -1.302084 0.380937 0.556011
      vertex -0.860455 0.668072 0.843270
    endloop
  endfacet
  facet 0.000000 -0.075879 0.075846
    outer loop
      vertex -1.181042 0.287893 0.462926
      vertex -0.860455 0.668072 0.843270
      vertex -1.302084 0.380937 0.556011
    endloop
  endfacet
  facet -0.078968 -0.051343 -0.051365
    outer loop
      vertex -0.739413 0.999383 0.326013
      vertex -0.739413 0.575028 0.750185
      vertex -0.860455 0.668072 0.843270
    endloop
  endfacet
  facet 0.078968 0.051343 0.051365
    outer loop
      vertex -0.739413 0.999383 0.326013
      vertex -0.860455 0.668072 0.843270
      vertex -0.739413 0.575028 0.750185
    endloop
  endfacet
  facet 0.078968 0.051343 0.051365
    outer loop
      vertex -0.739413 0.999383 0.326013
      vertex -0.860455 1.092428 0.419097
      vertex -0.860455 0.668072 0.843270
    endloop
  endfacet
  facet -0.078968 -0.051343 -0.051365
    outer loop
      vertex -0.739413 0.999383 0.326013
      vertex -0.860455 0.668072 0.843270
      vertex -0.860455 1.092428 0.419097
    endloop
  endfacet
  facet -0.078968 -0.051343 -0.051365
    outer loop
      vertex -1.181042 0.712248 0.038754
      vertex -1.181042 0.287893 0.462926
      vertex -1.302084 0.380937 0.556011
    endloop
  endfacet
  facet 0.078968 0.051343 0.051365
    outer loop
      vertex -1.181042 0.712248 0.038754
      vertex -1.302084 0.380937 0.556011
      vertex -1.181042 0.287893 0.462926
    endloop
  endfacet
  facet 0.078968 0.051343 0.051365
    outer loop
      vertex -1.181042 0.712248 0.038754
      vertex -1.302084 0.805293 0.131838
      vertex -1.302084 0.380937 0.556011
    endloop
  endfacet
  facet -0.078968 -0.051343 -0.051365
    outer loop
      vertex -1.181042 0.712248 0.038754
      vertex -1.302084 0.380937 0.556011
      vertex -1.302084 0.805293 0.131838
    endloop
  endfacet
  facet -0.243695 0.187327 0.187408
    outer loop
      vertex -1.302084 0.805293 0.131838
      vertex -1.302084 0.380937 0.556011
      vertex -0.860455 0.668072 0.843270
    endloop
  endfacet
  facet 0.243695 -0.187327 -0.187408
    outer loop
      vertex -1.302084 0.805293 0.131838
      vertex -0.860455 0.668072 0.843270
      vertex -1.302084 0.380937 0.556011
    endloop
  endfacet
  facet 0.243695 -0.187327 -0.187408
    outer loop
      vertex -1.302084 0.805293 0.131838
      vertex -0.860455 1.092428 0.419097
      vertex -0.860455 0.668072 0.843270
    endloop
  endfacet
  facet -0.243695 0.187327 0.187408
    outer loop
      vertex -1.302084 0.805293 0.131838
      vertex -0.860455 0.668072 0.843270
      vertex -0.860455 1.092428 0.419097
    endloop
  endfacet
  facet 0.000000 -0.075879 0.075846
    outer loop
      vertex -1.181042 0.712248 0.038754
      vertex -0.739413 0.999383 0.326013
      vertex -0.860455 1.092428 0.419097
    endloop
  endfacet
  facet -0.000000 0.075879 -0.075846
    outer loop
      vertex -1.181042 0.712248 0.038754
      vertex -0.860455 1.092428 0.419097
      vertex -0.739413 0.999383 0.326013
    endloop
  endfacet
  facet 0.000000 0.075879 -0.075846
    outer loop
      vertex -1.181042 0.712248 0.038754
      vertex -1.302084 0.805293 0.131838
      vertex -0.860455 1.092428 0.419097
    endloop
  endfacet
  facet -0.000000 -0.075879 0.075846
    outer loop
      vertex -1.181042 0.712248 0.038754
      vertex -0.860455 1.092428 0.419097
      vertex -1.302084 0.805293 0.131838
    endloop
  endfacet
  facet -0.254192 0.164919 0.194392
    outer loop
      vertex -1.293707 0.828410 0.131947
      vertex -1.293707 0.370881 0.520106
      vertex -0.868832 0.644955 0.843161
    endloop
  endfacet
  facet 0.254192 -0.164919 -0.194392
    outer loop
      vertex -1.293707 0.828410 0.131947
      vertex -0.868832 0.644955 0.843161
      vertex -1.293707 0.370881 0.520106
    endloop
  endfacet
  facet 0.254192 -0.164919 -0.194392
    outer loop
      vertex -1.293707 0.828410 0.131947
      vertex -0.868832 1.102484 0.455002
      vertex -0.868832 0.644955 0.843161
    endloop
  endfacet
  facet -0.254192 0.164919 0.194392
    outer loop
      vertex -1.293707 0.828410 0.131947
      vertex -0.868832 0.644955 0.843161
      vertex -0.868832 1.102484 0.455002
    endloop
  endfacet
  facet 0.000000 -0.086557 0.073434
    outer loop
      vertex -1.293707 0.370881 0.520106
      vertex -0.868832 0.644955 0.843161
      vertex -1.002413 0.731622 0.945317
    endloop
  endfacet
  facet 0.000000 0.086557 -0.073434
    outer loop
      vertex -1.293707 0.370881 0.520106
      vertex -1.002413 0.731622 0.945317
      vertex -0.868832 0.644955 0.843161
    endloop
  endfacet
  facet 0.000000 0.086557 -0.073434
    outer loop
      vertex -1.293707 0.370881 0.520106
      vertex -1.427287 0.457548 0.622261
      vertex -1.002413 0.731622 0.945317
    endloop
  endfacet
  facet 0.000000 -0.086557 0.073434
    outer loop
      vertex -1.293707 0.370881 0.520106
      vertex -1.002413 0.731622 0.945317
      vertex -1.427287 0.457548 0.622261
    endloop
  endfacet
  facet -0.080380 -0.051851 -0.061117
    outer loop
      vertex -0.868832 1.102484 0.455002
      vertex -0.868832 0.644955 0.843161
      vertex -1.002413 0.731622 0.945317
    endloop
  endfacet
  facet 0.080380 0.051851 0.061117
    outer loop
