solid trajectory
  facet -0.028929 0.026576 0.007540
    outer loop
      vertex -0.069063 -0.042279 -0.115943
      vertex -0.069063 -0.096871 0.076462
      vertex 0.069063 0.042279 0.115943
    endloop
  endfacet
  facet 0.028929 -0.026576 -0.007540
    outer loop
      vertex -0.069063 -0.042279 -0.115943
      vertex 0.069063 0.042279 0.115943
      vertex -0.069063 -0.096871 0.076462
    endloop
  endfacet
  facet 0.028929 -0.026576 -0.007540
    outer loop
      vertex -0.069063 -0.042279 -0.115943
      vertex 0.069063 0.096871 -0.076462
      vertex 0.069063 0.042279 0.115943
    endloop
  endfacet
  facet -0.028929 0.026576 0.007540
    outer loop
      vertex -0.069063 -0.042279 -0.115943
      vertex 0.069063 0.042279 0.115943
      vertex 0.069063 0.096871 -0.076462
    endloop
  endfacet
  facet 0.000000 -0.008195 0.028882
    outer loop
      vertex -0.069063 -0.096871 0.076462
      vertex 0.069063 0.042279 0.115943
      vertex -0.039501 0.142014 0.144241
    endloop
  endfacet
  facet 0.000000 0.008195 -0.028882
    outer loop
      vertex -0.069063 -0.096871 0.076462
      vertex -0.039501 0.142014 0.144241
      vertex 0.069063 0.042279 0.115943
    endloop
  endfacet
  facet 0.000000 0.008195 -0.028882
    outer loop
      vertex -0.069063 -0.096871 0.076462
      vertex -0.177626 0.002864 0.104760
      vertex -0.039501 0.142014 0.144241
    endloop
  endfacet
  facet -0.000000 -0.008195 0.028882
    outer loop
      vertex -0.069063 -0.096871 0.076462
      vertex -0.039501 0.142014 0.144241
      vertex -0.177626 0.002864 0.104760
    endloop
  endfacet
  facet -0.020734 -0.020888 -0.005927
    outer loop
      vertex 0.069063 0.096871 -0.076462
      vertex 0.069063 0.042279 0.115943
      vertex -0.039501 0.142014 0.144241
    endloop
  endfacet
  facet 0.020734 0.020888 0.005927
    outer loop
      vertex 0.069063 0.096871 -0.076462
      vertex -0.039501 0.142014 0.144241
      vertex 0.069063 0.042279 0.115943
    endloop
  endfacet
  facet 0.020734 0.020888 0.005927
    outer loop
      vertex 0.069063 0.096871 -0.076462
      vertex -0.039501 0.196605 -0.048164
      vertex -0.039501 0.142014 0.144241
    endloop
  endfacet
  facet -0.020734 -0.020888 -0.005927
    outer loop
      vertex 0.069063 0.096871 -0.076462
      vertex -0.039501 0.142014 0.144241
      vertex -0.039501 0.196605 -0.048164
    endloop
  endfacet
  facet -0.020734 -0.020888 -0.005927
    outer loop
      vertex -0.069063 -0.042279 -0.115943
      vertex -0.069063 -0.096871 0.076462
      vertex -0.177626 0.002864 0.104760
    endloop
  endfacet
  facet 0.020734 0.020888 0.005927
    outer loop
      vertex -0.069063 -0.042279 -0.115943
      vertex -0.177626 0.002864 0.104760
      vertex -0.069063 -0.096871 0.076462
    endloop
  endfacet
  facet 0.020734 0.020888 0.005927
    outer loop
      vertex -0.069063 -0.042279 -0.115943
      vertex -0.177626 0.057455 -0.087645
      vertex -0.177626 0.002864 0.104760
    endloop
  endfacet
  facet -0.020734 -0.020888 -0.005927
    outer loop
      vertex -0.069063 -0.042279 -0.115943
      vertex -0.177626 0.002864 0.104760
      vertex -0.177626 0.057455 -0.087645
    endloop
  endfacet
  facet -0.028929 0.026576 0.007540
    outer loop
      vertex -0.177626 0.057455 -0.087645
      vertex -0.177626 0.002864 0.104760
      vertex -0.039501 0.142014 0.144241
    endloop
  endfacet
  facet 0.028929 -0.026576 -0.007540
    outer loop
      vertex -0.177626 0.057455 -0.087645
      vertex -0.039501 0.142014 0.144241
      vertex -0.177626 0.002864 0.104760
    endloop
  endfacet
  facet 0.028929 -0.026576 -0.007540
    outer loop
      vertex -0.177626 0.057455 -0.087645
      vertex -0.039501 0.196605 -0.048164
      vertex -0.039501 0.142014 0.144241
    endloop
  endfacet
  facet -0.028929 0.026576 0.007540
    outer loop
      vertex -0.177626 0.057455 -0.087645
      vertex -0.039501 0.142014 0.144241
      vertex -0.039501 0.196605 -0.048164
    endloop
  endfacet
  facet -0.000000 -0.008195 0.028882
    outer loop
      vertex -0.069063 -0.042279 -0.115943
      vertex 0.069063 0.096871 -0.076462
      vertex -0.039501 0.196605 -0.048164
    endloop
  endfacet
  facet 0.000000 0.008195 -0.028882
    outer loop
      vertex -0.069063 -0.042279 -0.115943
      vertex -0.039501 0.196605 -0.048164
      vertex 0.069063 0.096871 -0.076462
    endloop
  endfacet
  facet 0.000000 0.008195 -0.028882
    outer loop
      vertex -0.069063 -0.042279 -0.115943
      vertex -0.177626 0.057455 -0.087645
      vertex -0.039501 0.196605 -0.048164
    endloop
  endfacet
  facet -0.000000 -0.008195 0.028882
    outer loop
      vertex -0.069063 -0.042279 -0.115943
      vertex -0.039501 0.196605 -0.048164
      vertex -0.177626 0.057455 -0.087645
    endloop
  endfacet
  facet -0.030599 0.023253 0.011091
    outer loop
      vertex -0.172970 0.073742 -0.094893
      vertex -0.172970 -0.012362 0.085623
      vertex -0.044156 0.125727 0.151489
    endloop
  endfacet
  facet 0.030599 -0.023253 -0.011091
    outer loop
      vertex -0.172970 0.073742 -0.094893
      vertex -0.044156 0.125727 0.151489
      vertex -0.172970 -0.012362 0.085623
    endloop
  endfacet
  facet 0.030599 -0.023253 -0.011091
    outer loop
      vertex -0.172970 0.073742 -0.094893
      vertex -0.044156 0.211831 -0.029027
      vertex -0.044156 0.125727 0.151489
    endloop
  endfacet
  facet -0.030599 0.023253 0.011091
    outer loop
      vertex -0.172970 0.073742 -0.094893
      vertex -0.044156 0.125727 0.151489
      vertex -0.044156 0.211831 -0.029027
    endloop
  endfacet
  facet 0.000000 -0.013915 0.029173
    outer loop
      vertex -0.172970 -0.012362 0.085623
      vertex -0.044156 0.125727 0.151489
      vertex -0.167782 0.219675 0.196301
    endloop
  endfacet
  facet 0.000000 0.013915 -0.029173
    outer loop
      vertex -0.172970 -0.012362 0.085623
      vertex -0.167782 0.219675 0.196301
      vertex -0.044156 0.125727 0.151489
    endloop
  endfacet
  facet -0.000000 0.013915 -0.029173
    outer loop
      vertex -0.172970 -0.012362 0.085623
      vertex -0.296596 0.081587 0.130435
      vertex -0.167782 0.219675 0.196301
    endloop
  endfacet
  facet 0.000000 -0.013915 0.029173
    outer loop
      vertex -0.172970 -0.012362 0.085623
      vertex -0.167782 0.219675 0.196301
      vertex -0.296596 0.081587 0.130435
    endloop
  endfacet
  facet -0.020818 -0.022317 -0.010645
    outer loop
      vertex -0.044156 0.211831 -0.029027
      vertex -0.044156 0.125727 0.151489
      vertex -0.167782 0.219675 0.196301
    endloop
  endfacet
  facet 0.020818 0.022317 0.010645
    outer loop
      vertex -0.044156 0.211831 -0.029027
      vertex -0.167782 0.219675 0.196301
      vertex -0.044156 0.125727 0.151489
    endloop
  endfacet
  facet 0.020818 0.022317 0.010645
    outer loop
      vertex -0.044156 0.211831 -0.029027
      vertex -0.167782 0.305779 0.015785
      vertex -0.167782 0.219675 0.196301
    endloop
  endfacet
  facet -0.020818 -0.022317 -0.010645
    outer loop
      vertex -0.044156 0.211831 -0.029027
      vertex -0.167782 0.219675 0.196301
      vertex -0.167782 0.305779 0.015785
    endloop
  endfacet
  facet -0.020818 -0.022317 -0.010645
    outer loop
      vertex -0.172970 0.073742 -0.094893
      vertex -0.172970 -0.012362 0.085623
      vertex -0.296596 0.081587 0.130435
    endloop
  endfacet
  facet 0.020818 0.022317 0.010645
    outer loop
      vertex -0.172970 0.073742 -0.094893
      vertex -0.296596 0.081587 0.130435
      vertex -0.172970 -0.012362 0.085623
    endloop
  endfacet
  facet 0.020818 0.022317 0.010645
    outer loop
      vertex -0.172970 0.073742 -0.094893
      vertex -0.296596 0.167691 -0.050081
      vertex -0.296596 0.081587 0.130435
    endloop
  endfacet
  facet -0.020818 -0.022317 -0.010645
    outer loop
      vertex -0.172970 0.073742 -0.094893
      vertex -0.296596 0.081587 0.130435
      vertex -0.296596 0.167691 -0.050081
    endloop
  endfacet
  facet -0.030599 0.023253 0.011091
    outer loop
      vertex -0.296596 0.167691 -0.050081
      vertex -0.296596 0.081587 0.130435
      vertex -0.167782 0.219675 0.196301
    endloop
  endfacet
  facet 0.030599 -0.023253 -0.011091
    outer loop
      vertex -0.296596 0.167691 -0.050081
      vertex -0.167782 0.219675 0.196301
      vertex -0.296596 0.081587 0.130435
    endloop
  endfacet
  facet 0.030599 -0.023253 -0.011091
    outer loop
      vertex -0.296596 0.167691 -0.050081
      vertex -0.167782 0.305779 0.015785
      vertex -0.167782 0.219675 0.196301
    endloop
  endfacet
  facet -0.030599 0.023253 0.011091
    outer loop
      vertex -0.296596 0.167691 -0.050081
      vertex -0.167782 0.219675 0.196301
      vertex -0.167782 0.305779 0.015785
    endloop
  endfacet
  facet 0.000000 -0.013915 0.029173
    outer loop
      vertex -0.172970 0.073742 -0.094893
      vertex -0.044156 0.211831 -0.029027
      vertex -0.167782 0.305779 0.015785
    endloop
  endfacet
  facet -0.000000 0.013915 -0.029173
    outer loop
      vertex -0.172970 0.073742 -0.094893
      vertex -0.167782 0.305779 0.015785
      vertex -0.044156 0.211831 -0.029027
    endloop
  endfacet
  facet -0.000000 0.013915 -0.029173
    outer loop
      vertex -0.172970 0.073742 -0.094893
      vertex -0.296596 0.167691 -0.050081
      vertex -0.167782 0.305779 0.015785
    endloop
  endfacet
  facet 0.000000 -0.013915 0.029173
    outer loop
      vertex -0.172970 0.073742 -0.094893
      vertex -0.167782 0.305779 0.015785
      vertex -0.296596 0.167691 -0.050081
    endloop
  endfacet
  facet -0.032460 0.019679 0.012614
    outer loop
      vertex -0.290625 0.179329 -0.054871
      vertex -0.290625 0.071399 0.113507
      vertex -0.173753 0.208037 0.201091
    endloop
  endfacet
  facet 0.032460 -0.019679 -0.012614
    outer loop
      vertex -0.290625 0.179329 -0.054871
      vertex -0.173753 0.208037 0.201091
      vertex -0.290625 0.071399 0.113507
    endloop
  endfacet
  facet 0.032460 -0.019679 -0.012614
    outer loop
      vertex -0.290625 0.179329 -0.054871
      vertex -0.173753 0.315967 0.032713
      vertex -0.173753 0.208037 0.201091
    endloop
  endfacet
  facet -0.032460 0.019679 0.012614
    outer loop
      vertex -0.290625 0.179329 -0.054871
      vertex -0.173753 0.208037 0.201091
      vertex -0.173753 0.315967 0.032713
    endloop
  endfacet
  facet -0.000000 -0.019670 0.030686
    outer loop
      vertex -0.290625 0.071399 0.113507
      vertex -0.173753 0.208037 0.201091
      vertex -0.321646 0.297696 0.258563
    endloop
  endfacet
  facet 0.000000 0.019670 -0.030686
    outer loop
      vertex -0.290625 0.071399 0.113507
      vertex -0.321646 0.297696 0.258563
      vertex -0.173753 0.208037 0.201091
    endloop
  endfacet
  facet 0.000000 0.019670 -0.030686
    outer loop
      vertex -0.290625 0.071399 0.113507
      vertex -0.438518 0.161059 0.170978
      vertex -0.321646 0.297696 0.258563
    endloop
  endfacet
  facet 0.000000 -0.019670 0.030686
    outer loop
      vertex -0.290625 0.071399 0.113507
      vertex -0.321646 0.297696 0.258563
      vertex -0.438518 0.161059 0.170978
    endloop
  endfacet
  facet -0.021300 -0.024902 -0.015962
    outer loop
      vertex -0.173753 0.315967 0.032713
      vertex -0.173753 0.208037 0.201091
      vertex -0.321646 0.297696 0.258563
    endloop
  endfacet
  facet 0.021300 0.024902 0.015962
    outer loop
      vertex -0.173753 0.315967 0.032713
      vertex -0.321646 0.297696 0.258563
      vertex -0.173753 0.208037 0.201091
    endloop
  endfacet
  facet 0.021300 0.024902 0.015962
    outer loop
      vertex -0.173753 0.315967 0.032713
      vertex -0.321646 0.405626 0.090185
      vertex -0.321646 0.297696 0.258563
    endloop
  endfacet
  facet -0.021300 -0.024902 -0.015962
    outer loop
      vertex -0.173753 0.315967 0.032713
      vertex -0.321646 0.297696 0.258563
      vertex -0.321646 0.405626 0.090185
    endloop
  endfacet
  facet -0.021300 -0.024902 -0.015962
    outer loop
      vertex -0.290625 0.179329 -0.054871
      vertex -0.290625 0.071399 0.113507
      vertex -0.438518 0.161059 0.170978
    endloop
  endfacet
  facet 0.021300 0.024902 0.015962
    outer loop
      vertex -0.290625 0.179329 -0.054871
      vertex -0.438518 0.161059 0.170978
      vertex -0.290625 0.071399 0.113507
    endloop
  endfacet
  facet 0.021300 0.024902 0.015962
    outer loop
      vertex -0.290625 0.179329 -0.054871
      vertex -0.438518 0.268989 0.002600
      vertex -0.438518 0.161059 0.170978
    endloop
  endfacet
  facet -0.021300 -0.024902 -0.015962
    outer loop
      vertex -0.290625 0.179329 -0.054871
      vertex -0.438518 0.161059 0.170978
      vertex -0.438518 0.268989 0.002600
    endloop
  endfacet
  facet -0.032460 0.019679 0.012614
    outer loop
      vertex -0.438518 0.268989 0.002600
      vertex -0.438518 0.161059 0.170978
      vertex -0.321646 0.297696 0.258563
    endloop
  endfacet
  facet 0.032460 -0.019679 -0.012614
    outer loop
      vertex -0.438518 0.268989 0.002600
      vertex -0.321646 0.297696 0.258563
      vertex -0.438518 0.161059 0.170978
    endloop
  endfacet
  facet 0.032460 -0.019679 -0.012614
    outer loop
      vertex -0.438518 0.268989 0.002600
      vertex -0.321646 0.405626 0.090185
      vertex -0.321646 0.297696 0.258563
    endloop
  endfacet
  facet -0.032460 0.019679 0.012614
    outer loop
      vertex -0.438518 0.268989 0.002600
      vertex -0.321646 0.297696 0.258563
      vertex -0.321646 0.405626 0.090185
    endloop
  endfacet
  facet 0.000000 -0.019670 0.030686
    outer loop
      vertex -0.290625 0.179329 -0.054871
      vertex -0.173753 0.315967 0.032713
      vertex -0.321646 0.405626 0.090185
    endloop
  endfacet
  facet 0.000000 0.019670 -0.030686
    outer loop
      vertex -0.290625 0.179329 -0.054871
      vertex -0.321646 0.405626 0.090185
      vertex -0.173753 0.315967 0.032713
    endloop
  endfacet
  facet -0.000000 0.019670 -0.030686
    outer loop
      vertex -0.290625 0.179329 -0.054871
      vertex -0.438518 0.268989 0.002600
      vertex -0.321646 0.405626 0.090185
    endloop
  endfacet
  facet 0.000000 -0.019670 0.030686
    outer loop
      vertex -0.290625 0.179329 -0.054871
      vertex -0.321646 0.405626 0.090185
      vertex -0.438518 0.268989 0.002600
    endloop
  endfacet
  facet -0.033680 0.017827 0.012160
    outer loop
      vertex -0.434031 0.270132 0.000524
      vertex -0.434031 0.157435 0.165749
      vertex -0.326133 0.296553 0.260639
    endloop
  endfacet
  facet 0.033680 -0.017827 -0.012160
    outer loop
      vertex -0.434031 0.270132 0.000524
      vertex -0.326133 0.296553 0.260639
      vertex -0.434031 0.157435 0.165749
    endloop
  endfacet
  facet 0.033680 -0.017827 -0.012160
    outer loop
      vertex -0.434031 0.270132 0.000524
      vertex -0.326133 0.409250 0.095414
      vertex -0.326133 0.296553 0.260639
    endloop
  endfacet
  facet -0.033680 0.017827 0.012160
    outer loop
      vertex -0.434031 0.270132 0.000524
      vertex -0.326133 0.296553 0.260639
      vertex -0.326133 0.409250 0.095414
    endloop
  endfacet
  facet -0.000000 -0.020955 0.030722
    outer loop
      vertex -0.434031 0.157435 0.165749
      vertex -0.326133 0.296553 0.260639
      vertex -0.482693 0.379424 0.317164
    endloop
  endfacet
  facet 0.000000 0.020955 -0.030722
    outer loop
      vertex -0.434031 0.157435 0.165749
      vertex -0.482693 0.379424 0.317164
      vertex -0.326133 0.296553 0.260639
    endloop
  endfacet
  facet 0.000000 0.020955 -0.030722
    outer loop
      vertex -0.434031 0.157435 0.165749
      vertex -0.590591 0.240305 0.222274
      vertex -0.482693 0.379424 0.317164
    endloop
  endfacet
  facet -0.000000 -0.020955 0.030722
    outer loop
      vertex -0.434031 0.157435 0.165749
      vertex -0.482693 0.379424 0.317164
      vertex -0.590591 0.240305 0.222274
    endloop
  endfacet
  facet -0.020062 -0.025868 -0.017644
    outer loop
      vertex -0.326133 0.409250 0.095414
      vertex -0.326133 0.296553 0.260639
      vertex -0.482693 0.379424 0.317164
    endloop
  endfacet
  facet 0.020062 0.025868 0.017644
    outer loop
      vertex -0.326133 0.409250 0.095414
      vertex -0.482693 0.379424 0.317164
      vertex -0.326133 0.296553 0.260639
    endloop
  endfacet
  facet 0.020062 0.025868 0.017644
    outer loop
      vertex -0.326133 0.409250 0.095414
      vertex -0.482693 0.492121 0.151939
      vertex -0.482693 0.379424 0.317164
    endloop
  endfacet
  facet -0.020062 -0.025868 -0.017644
    outer loop
      vertex -0.326133 0.409250 0.095414
      vertex -0.482693 0.379424 0.317164
      vertex -0.482693 0.492121 0.151939
    endloop
  endfacet
  facet -0.020062 -0.025868 -0.017644
    outer loop
      vertex -0.434031 0.270132 0.000524
      vertex -0.434031 0.157435 0.165749
      vertex -0.590591 0.240305 0.222274
    endloop
  endfacet
  facet 0.020062 0.025868 0.017644
    outer loop
      vertex -0.434031 0.270132 0.000524
      vertex -0.590591 0.240305 0.222274
      vertex -0.434031 0.157435 0.165749
    endloop
  endfacet
  facet 0.020062 0.025868 0.017644
    outer loop
      vertex -0.434031 0.270132 0.000524
      vertex -0.590591 0.353002 0.057048
      vertex -0.590591 0.240305 0.222274
    endloop
  endfacet
  facet -0.020062 -0.025868 -0.017644
    outer loop
      vertex -0.434031 0.270132 0.000524
      vertex -0.590591 0.240305 0.222274
      vertex -0.590591 0.353002 0.057048
    endloop
  endfacet
  facet -0.033680 0.017827 0.012160
    outer loop
      vertex -0.590591 0.353002 0.057048
      vertex -0.590591 0.240305 0.222274
      vertex -0.482693 0.379424 0.317164
    endloop
  endfacet
  facet 0.033680 -0.017827 -0.012160
    outer loop
      vertex -0.590591 0.353002 0.057048
      vertex -0.482693 0.379424 0.317164
      vertex -0.590591 0.240305 0.222274
    endloop
  endfacet
  facet 0.033680 -0.017827 -0.012160
    outer loop
      vertex -0.590591 0.353002 0.057048
      vertex -0.482693 0.492121 0.151939
      vertex -0.482693 0.379424 0.317164
    endloop
  endfacet
  facet -0.033680 0.017827 0.012160
    outer loop
      vertex -0.590591 0.353002 0.057048
      vertex -0.482693 0.379424 0.317164
      vertex -0.482693 0.492121 0.151939
    endloop
  endfacet
  facet -0.000000 -0.020955 0.030722
    outer loop
      vertex -0.434031 0.270132 0.000524
      vertex -0.326133 0.409250 0.095414
      vertex -0.482693 0.492121 0.151939
    endloop
  endfacet
  facet 0.000000 0.020955 -0.030722
    outer loop
      vertex -0.434031 0.270132 0.000524
      vertex -0.482693 0.492121 0.151939
      vertex -0.326133 0.409250 0.095414
    endloop
  endfacet
  facet -0.000000 0.020955 -0.030722
    outer loop
      vertex -0.434031 0.270132 0.000524
      vertex -0.590591 0.353002 0.057048
      vertex -0.482693 0.492121 0.151939
    endloop
  endfacet
  facet 0.000000 -0.020955 0.030722
    outer loop
      vertex -0.434031 0.270132 0.000524
      vertex -0.482693 0.492121 0.151939
      vertex -0.590591 0.353002 0.057048
    endloop
  endfacet
  facet -0.033488 0.018082 0.012314
    outer loop
      vertex -0.591333 0.353304 0.057328
      vertex -0.591333 0.240728 0.222636
      vertex -0.481951 0.379122 0.316884
    endloop
  endfacet
  facet 0.033488 -0.018082 -0.012314
    outer loop
      vertex -0.591333 0.353304 0.057328
      vertex -0.481951 0.379122 0.316884
      vertex -0.591333 0.240728 0.222636
    endloop
  endfacet
  facet 0.033488 -0.018082 -0.012314
    outer loop
      vertex -0.591333 0.353304 0.057328
      vertex -0.481951 0.491698 0.151576
      vertex -0.481951 0.379122 0.316884
    endloop
  endfacet
  facet -0.033488 0.018082 0.012314
    outer loop
      vertex -0.591333 0.353304 0.057328
      vertex -0.481951 0.379122 0.316884
      vertex -0.481951 0.491698 0.151576
    endloop
  endfacet
  facet 0.000000 -0.019047 0.027969
    outer loop
      vertex -0.591333 0.240728 0.222636
      vertex -0.481951 0.379122 0.316884
      vertex -0.623598 0.455604 0.368969
    endloop
  endfacet
  facet 0.000000 0.019047 -0.027969
    outer loop
      vertex -0.591333 0.240728 0.222636
      vertex -0.623598 0.455604 0.368969
      vertex -0.481951 0.379122 0.316884
    endloop
  endfacet
  facet -0.000000 0.019047 -0.027969
    outer loop
      vertex -0.591333 0.240728 0.222636
      vertex -0.732979 0.317209 0.274721
      vertex -0.623598 0.455604 0.368969
    endloop
  endfacet
  facet 0.000000 -0.019047 0.027969
    outer loop
      vertex -0.591333 0.240728 0.222636
      vertex -0.623598 0.455604 0.368969
      vertex -0.732979 0.317209 0.274721
    endloop
  endfacet
  facet -0.018506 -0.023415 -0.015946
    outer loop
      vertex -0.481951 0.491698 0.151576
      vertex -0.481951 0.379122 0.316884
      vertex -0.623598 0.455604 0.368969
    endloop
  endfacet
  facet 0.018506 0.023415 0.015946
    outer loop
      vertex -0.481951 0.491698 0.151576
      vertex -0.623598 0.455604 0.368969
      vertex -0.481951 0.379122 0.316884
    endloop
  endfacet
  facet 0.018506 0.023415 0.015946
    outer loop
      vertex -0.481951 0.491698 0.151576
      vertex -0.623598 0.568180 0.203661
      vertex -0.623598 0.455604 0.368969
    endloop
  endfacet
  facet -0.018506 -0.023415 -0.015946
    outer loop
      vertex -0.481951 0.491698 0.151576
      vertex -0.623598 0.455604 0.368969
      vertex -0.623598 0.568180 0.203661
    endloop
  endfacet
  facet -0.018506 -0.023415 -0.015946
    outer loop
      vertex -0.591333 0.353304 0.057328
      vertex -0.591333 0.240728 0.222636
      vertex -0.732979 0.317209 0.274721
    endloop
  endfacet
  facet 0.018506 0.023415 0.015946
    outer loop
      vertex -0.591333 0.353304 0.057328
      vertex -0.732979 0.317209 0.274721
      vertex -0.591333 0.240728 0.222636
    endloop
  endfacet
  facet 0.018506 0.023415 0.015946
    outer loop
      vertex -0.591333 0.353304 0.057328
      vertex -0.732979 0.429785 0.109413
      vertex -0.732979 0.317209 0.274721
    endloop
  endfacet
  facet -0.018506 -0.023415 -0.015946
    outer loop
      vertex -0.591333 0.353304 0.057328
      vertex -0.732979 0.317209 0.274721
      vertex -0.732979 0.429785 0.109413
    endloop
  endfacet
  facet -0.033488 0.018082 0.012314
    outer loop
      vertex -0.732979 0.429785 0.109413
      vertex -0.732979 0.317209 0.274721
      vertex -0.623598 0.455604 0.368969
    endloop
  endfacet
  facet 0.033488 -0.018082 -0.012314
    outer loop
      vertex -0.732979 0.429785 0.109413
      vertex -0.623598 0.455604 0.368969
      vertex -0.732979 0.317209 0.274721
    endloop
  endfacet
  facet 0.033488 -0.018082 -0.012314
    outer loop
      vertex -0.732979 0.429785 0.109413
      vertex -0.623598 0.568180 0.203661
      vertex -0.623598 0.455604 0.368969
    endloop
  endfacet
  facet -0.033488 0.018082 0.012314
    outer loop
      vertex -0.732979 0.429785 0.109413
      vertex -0.623598 0.455604 0.368969
      vertex -0.623598 0.568180 0.203661
    endloop
  endfacet
  facet 0.000000 -0.019047 0.027969
    outer loop
      vertex -0.591333 0.353304 0.057328
      vertex -0.481951 0.491698 0.151576
      vertex -0.623598 0.568180 0.203661
    endloop
  endfacet
  facet -0.000000 0.019047 -0.027969
    outer loop
      vertex -0.591333 0.353304 0.057328
      vertex -0.623598 0.568180 0.203661
      vertex -0.481951 0.491698 0.151576
    endloop
  endfacet
  facet 0.000000 0.019047 -0.027969
    outer loop
      vertex -0.591333 0.353304 0.057328
      vertex -0.732979 0.429785 0.109413
      vertex -0.623598 0.568180 0.203661
    endloop
  endfacet
  facet -0.000000 -0.019047 0.027969
    outer loop
      vertex -0.591333 0.353304 0.057328
      vertex -0.623598 0.568180 0.203661
      vertex -0.732979 0.429785 0.109413
    endloop
  endfacet
  facet -0.030569 0.020634 0.015485
    outer loop
      vertex -0.742783 0.441595 0.113337
      vertex -0.742783 0.321546 0.273300
      vertex -0.613794 0.443794 0.365045
    endloop
  endfacet
  facet 0.030569 -0.020634 -0.015485
    outer loop
      vertex -0.742783 0.441595 0.113337
      vertex -0.613794 0.443794 0.365045
      vertex -0.742783 0.321546 0.273300
    endloop
  endfacet
  facet 0.030569 -0.020634 -0.015485
    outer loop
      vertex -0.742783 0.441595 0.113337
      vertex -0.613794 0.563843 0.205081
      vertex -0.613794 0.443794 0.365045
    endloop
  endfacet
  facet -0.030569 0.020634 0.015485
    outer loop
      vertex -0.742783 0.441595 0.113337
      vertex -0.613794 0.443794 0.365045
      vertex -0.613794 0.563843 0.205081
    endloop
  endfacet
  facet -0.000000 -0.022933 0.030558
    outer loop
      vertex -0.742783 0.321546 0.273300
      vertex -0.613794 0.443794 0.365045
      vertex -0.759783 0.542335 0.438997
    endloop
  endfacet
  facet 0.000000 0.022933 -0.030558
    outer loop
      vertex -0.742783 0.321546 0.273300
      vertex -0.759783 0.542335 0.438997
      vertex -0.613794 0.443794 0.365045
    endloop
  endfacet
  facet -0.000000 0.022933 -0.030558
    outer loop
      vertex -0.742783 0.321546 0.273300
      vertex -0.888773 0.420087 0.347253
      vertex -0.759783 0.542335 0.438997
    endloop
  endfacet
  facet 0.000000 -0.022933 0.030558
    outer loop
      vertex -0.742783 0.321546 0.273300
      vertex -0.759783 0.542335 0.438997
      vertex -0.888773 0.420087 0.347253
    endloop
  endfacet
  facet -0.024641 -0.023353 -0.017526
    outer loop
      vertex -0.613794 0.563843 0.205081
      vertex -0.613794 0.443794 0.365045
      vertex -0.759783 0.542335 0.438997
    endloop
  endfacet
  facet 0.024641 0.023353 0.017526
    outer loop
      vertex -0.613794 0.563843 0.205081
      vertex -0.759783 0.542335 0.438997
      vertex -0.613794 0.443794 0.365045
    endloop
  endfacet
  facet 0.024641 0.023353 0.017526
    outer loop
      vertex -0.613794 0.563843 0.205081
      vertex -0.759783 0.662384 0.279034
      vertex -0.759783 0.542335 0.438997
    endloop
  endfacet
  facet -0.024641 -0.023353 -0.017526
    outer loop
      vertex -0.613794 0.563843 0.205081
      vertex -0.759783 0.542335 0.438997
      vertex -0.759783 0.662384 0.279034
    endloop
  endfacet
  facet -0.024641 -0.023353 -0.017526
    outer loop
      vertex -0.742783 0.441595 0.113337
      vertex -0.742783 0.321546 0.273300
      vertex -0.888773 0.420087 0.347253
    endloop
  endfacet
  facet 0.024641 0.023353 0.017526
    outer loop
      vertex -0.742783 0.441595 0.113337
      vertex -0.888773 0.420087 0.347253
      vertex -0.742783 0.321546 0.273300
    endloop
  endfacet
  facet 0.024641 0.023353 0.017526
    outer loop
      vertex -0.742783 0.441595 0.113337
      vertex -0.888773 0.540136 0.187289
      vertex -0.888773 0.420087 0.347253
    endloop
  endfacet
  facet -0.024641 -0.023353 -0.017526
    outer loop
      vertex -0.742783 0.441595 0.113337
      vertex -0.888773 0.420087 0.347253
      vertex -0.888773 0.540136 0.187289
    endloop
  endfacet
  facet -0.030569 0.020634 0.015485
    outer loop
      vertex -0.888773 0.540136 0.187289
      vertex -0.888773 0.420087 0.347253
      vertex -0.759783 0.542335 0.438997
    endloop
  endfacet
  facet 0.030569 -0.020634 -0.015485
    outer loop
      vertex -0.888773 0.540136 0.187289
      vertex -0.759783 0.542335 0.438997
      vertex -0.888773 0.420087 0.347253
    endloop
  endfacet
  facet 0.030569 -0.020634 -0.015485
    outer loop
      vertex -0.888773 0.540136 0.187289
      vertex -0.759783 0.662384 0.279034
      vertex -0.759783 0.542335 0.438997
    endloop
  endfacet
  facet -0.030569 0.020634 0.015485
    outer loop
      vertex -0.888773 0.540136 0.187289
      vertex -0.759783 0.542335 0.438997
      vertex -0.759783 0.662384 0.279034
    endloop
  endfacet
  facet 0.000000 -0.022933 0.030558
    outer loop
      vertex -0.742783 0.441595 0.113337
      vertex -0.613794 0.563843 0.205081
      vertex -0.759783 0.662384 0.279034
    endloop
  endfacet
  facet -0.000000 0.022933 -0.030558
    outer loop
      vertex -0.742783 0.441595 0.113337
      vertex -0.759783 0.662384 0.279034
      vertex -0.613794 0.563843 0.205081
    endloop
  endfacet
  facet 0.000000 0.022933 -0.030558
    outer loop
      vertex -0.742783 0.441595 0.113337
      vertex -0.888773 0.540136 0.187289
      vertex -0.759783 0.662384 0.279034
    endloop
  endfacet
  facet -0.000000 -0.022933 0.030558
    outer loop
      vertex -0.742783 0.441595 0.113337
      vertex -0.759783 0.662384 0.279034
      vertex -0.888773 0.540136 0.187289
    endloop
  endfacet
  facet -0.028828 0.021715 0.017245
    outer loop
      vertex -0.893602 0.546989 0.190013
      vertex -0.893602 0.422607 0.346630
      vertex -0.754954 0.535482 0.436274
    endloop
  endfacet
  facet 0.028828 -0.021715 -0.017245
    outer loop
      vertex -0.893602 0.546989 0.190013
      vertex -0.754954 0.535482 0.436274
      vertex -0.893602 0.422607 0.346630
    endloop
  endfacet
  facet 0.028828 -0.021715 -0.017245
    outer loop
      vertex -0.893602 0.546989 0.190013
      vertex -0.754954 0.659864 0.279656
      vertex -0.754954 0.535482 0.436274
    endloop
  endfacet
  facet -0.028828 0.021715 0.017245
    outer loop
      vertex -0.893602 0.546989 0.190013
      vertex -0.754954 0.535482 0.436274
      vertex -0.754954 0.659864 0.279656
    endloop
  endfacet
  facet 0.000000 -0.023463 0.029543
    outer loop
      vertex -0.893602 0.422607 0.346630
      vertex -0.754954 0.535482 0.436274
      vertex -0.890904 0.637885 0.517600
    endloop
  endfacet
  facet -0.000000 0.023463 -0.029543
    outer loop
      vertex -0.893602 0.422607 0.346630
      vertex -0.890904 0.637885 0.517600
      vertex -0.754954 0.535482 0.436274
    endloop
  endfacet
  facet 0.000000 0.023463 -0.029543
    outer loop
      vertex -0.893602 0.422607 0.346630
      vertex -1.029551 0.525009 0.427957
      vertex -0.890904 0.637885 0.517600
    endloop
  endfacet
  facet -0.000000 -0.023463 0.029543
    outer loop
      vertex -0.893602 0.422607 0.346630
      vertex -0.890904 0.637885 0.517600
      vertex -1.029551 0.525009 0.427957
    endloop
  endfacet
  facet -0.026154 -0.021292 -0.016910
    outer loop
      vertex -0.754954 0.659864 0.279656
      vertex -0.754954 0.535482 0.436274
      vertex -0.890904 0.637885 0.517600
    endloop
  endfacet
  facet 0.026154 0.021292 0.016910
    outer loop
      vertex -0.754954 0.659864 0.279656
      vertex -0.890904 0.637885 0.517600
      vertex -0.754954 0.535482 0.436274
    endloop
  endfacet
  facet 0.026154 0.021292 0.016910
    outer loop
      vertex -0.754954 0.659864 0.279656
      vertex -0.890904 0.762267 0.360983
      vertex -0.890904 0.637885 0.517600
    endloop
  endfacet
  facet -0.026154 -0.021292 -0.016910
    outer loop
      vertex -0.754954 0.659864 0.279656
      vertex -0.890904 0.637885 0.517600
      vertex -0.890904 0.762267 0.360983
    endloop
  endfacet
  facet -0.026154 -0.021292 -0.016910
    outer loop
      vertex -0.893602 0.546989 0.190013
      vertex -0.893602 0.422607 0.346630
      vertex -1.029551 0.525009 0.427957
    endloop
  endfacet
  facet 0.026154 0.021292 0.016910
    outer loop
      vertex -0.893602 0.546989 0.190013
      vertex -1.029551 0.525009 0.427957
      vertex -0.893602 0.422607 0.346630
    endloop
  endfacet
  facet 0.026154 0.021292 0.016910
    outer loop
      vertex -0.893602 0.546989 0.190013
      vertex -1.029551 0.649392 0.271339
      vertex -1.029551 0.525009 0.427957
    endloop
  endfacet
  facet -0.026154 -0.021292 -0.016910
    outer loop
      vertex -0.893602 0.546989 0.190013
      vertex -1.029551 0.525009 0.427957
      vertex -1.029551 0.649392 0.271339
    endloop
  endfacet
  facet -0.028828 0.021715 0.017245
    outer loop
      vertex -1.029551 0.649392 0.271339
      vertex -1.029551 0.525009 0.427957
      vertex -0.890904 0.637885 0.517600
    endloop
  endfacet
  facet 0.028828 -0.021715 -0.017245
    outer loop
      vertex -1.029551 0.649392 0.271339
      vertex -0.890904 0.637885 0.517600
      vertex -1.029551 0.525009 0.427957
    endloop
  endfacet
  facet 0.028828 -0.021715 -0.017245
    outer loop
      vertex -1.029551 0.649392 0.271339
      vertex -0.890904 0.762267 0.360983
      vertex -0.890904 0.637885 0.517600
    endloop
  endfacet
  facet -0.028828 0.021715 0.017245
    outer loop
      vertex -1.029551 0.649392 0.271339
      vertex -0.890904 0.637885 0.517600
      vertex -0.890904 0.762267 0.360983
    endloop
  endfacet
  facet -0.000000 -0.023463 0.029543
    outer loop
      vertex -0.893602 0.546989 0.190013
      vertex -0.754954 0.659864 0.279656
      vertex -0.890904 0.762267 0.360983
    endloop
  endfacet
  facet 0.000000 0.023463 -0.029543
    outer loop
      vertex -0.893602 0.546989 0.190013
      vertex -0.890904 0.762267 0.360983
      vertex -0.754954 0.659864 0.279656
    endloop
  endfacet
  facet 0.000000 0.023463 -0.029543
    outer loop
      vertex -0.893602 0.546989 0.190013
      vertex -1.029551 0.649392 0.271339
      vertex -0.890904 0.762267 0.360983
    endloop
  endfacet
  facet -0.000000 -0.023463 0.029543
    outer loop
      vertex -0.893602 0.546989 0.190013
      vertex -0.890904 0.762267 0.360983
      vertex -1.029551 0.649392 0.271339
    endloop
  endfacet
  facet -0.027077 0.020814 0.020823
    outer loop
      vertex -1.033832 0.666508 0.275898
      vertex -1.033832 0.525056 0.417289
      vertex -0.886623 0.620768 0.513041
    endloop
  endfacet
  facet 0.027077 -0.020814 -0.020823
    outer loop
      vertex -1.033832 0.666508 0.275898
      vertex -0.886623 0.620768 0.513041
      vertex -1.033832 0.525056 0.417289
    endloop
  endfacet
  facet 0.027077 -0.020814 -0.020823
    outer loop
      vertex -1.033832 0.666508 0.275898
      vertex -0.886623 0.762220 0.371651
      vertex -0.886623 0.620768 0.513041
    endloop
  endfacet
  facet -0.027077 0.020814 0.020823
    outer loop
      vertex -1.033832 0.666508 0.275898
      vertex -0.886623 0.620768 0.513041
      vertex -0.886623 0.762220 0.371651
    endloop
  endfacet
  facet -0.000000 -0.025293 0.025282
    outer loop
      vertex -1.033832 0.525056 0.417289
      vertex -0.886623 0.620768 0.513041
      vertex -1.007665 0.713812 0.606126
    endloop
  endfacet
  facet 0.000000 0.025293 -0.025282
    outer loop
      vertex -1.033832 0.525056 0.417289
      vertex -1.007665 0.713812 0.606126
      vertex -0.886623 0.620768 0.513041
    endloop
  endfacet
  facet -0.000000 0.025293 -0.025282
    outer loop
      vertex -1.033832 0.525056 0.417289
      vertex -1.154874 0.618101 0.510373
      vertex -1.007665 0.713812 0.606126
    endloop
  endfacet
  facet 0.000000 -0.025293 0.025282
    outer loop
      vertex -1.033832 0.525056 0.417289
      vertex -1.007665 0.713812 0.606126
      vertex -1.154874 0.618101 0.510373
    endloop
  endfacet
  facet -0.026323 -0.017114 -0.017122
    outer loop
      vertex -0.886623 0.762220 0.371651
      vertex -0.886623 0.620768 0.513041
      vertex -1.007665 0.713812 0.606126
    endloop
  endfacet
  facet 0.026323 0.017114 0.017122
    outer loop
      vertex -0.886623 0.762220 0.371651
      vertex -1.007665 0.713812 0.606126
      vertex -0.886623 0.620768 0.513041
    endloop
  endfacet
  facet 0.026323 0.017114 0.017122
    outer loop
      vertex -0.886623 0.762220 0.371651
      vertex -1.007665 0.855264 0.464735
      vertex -1.007665 0.713812 0.606126
    endloop
  endfacet
  facet -0.026323 -0.017114 -0.017122
    outer loop
      vertex -0.886623 0.762220 0.371651
      vertex -1.007665 0.713812 0.606126
      vertex -1.007665 0.855264 0.464735
    endloop
  endfacet
  facet -0.026323 -0.017114 -0.017122
    outer loop
      vertex -1.033832 0.666508 0.275898
      vertex -1.033832 0.525056 0.417289
      vertex -1.154874 0.618101 0.510373
    endloop
  endfacet
  facet 0.026323 0.017114 0.017122
    outer loop
      vertex -1.033832 0.666508 0.275898
      vertex -1.154874 0.618101 0.510373
      vertex -1.033832 0.525056 0.417289
    endloop
  endfacet
  facet 0.026323 0.017114 0.017122
    outer loop
      vertex -1.033832 0.666508 0.275898
      vertex -1.154874 0.759553 0.368982
      vertex -1.154874 0.618101 0.510373
    endloop
  endfacet
  facet -0.026323 -0.017114 -0.017122
    outer loop
      vertex -1.033832 0.666508 0.275898
      vertex -1.154874 0.618101 0.510373
      vertex -1.154874 0.759553 0.368982
    endloop
  endfacet
  facet -0.027077 0.020814 0.020823
    outer loop
      vertex -1.154874 0.759553 0.368982
      vertex -1.154874 0.618101 0.510373
      vertex -1.007665 0.713812 0.606126
    endloop
  endfacet
  facet 0.027077 -0.020814 -0.020823
    outer loop
      vertex -1.154874 0.759553 0.368982
      vertex -1.007665 0.713812 0.606126
      vertex -1.154874 0.618101 0.510373
    endloop
  endfacet
  facet 0.027077 -0.020814 -0.020823
    outer loop
      vertex -1.154874 0.759553 0.368982
      vertex -1.007665 0.855264 0.464735
      vertex -1.007665 0.713812 0.606126
    endloop
  endfacet
  facet -0.027077 0.020814 0.020823
    outer loop
      vertex -1.154874 0.759553 0.368982
      vertex -1.007665 0.713812 0.606126
      vertex -1.007665 0.855264 0.464735
    endloop
  endfacet
  facet -0.000000 -0.025293 0.025282
    outer loop
      vertex -1.033832 0.666508 0.275898
      vertex -0.886623 0.762220 0.371651
      vertex -1.007665 0.855264 0.464735
    endloop
  endfacet
  facet 0.000000 0.025293 -0.025282
    outer loop
      vertex -1.033832 0.666508 0.275898
      vertex -1.007665 0.855264 0.464735
      vertex -0.886623 0.762220 0.371651
    endloop
  endfacet
  facet 0.000000 0.025293 -0.025282
    outer loop
      vertex -1.033832 0.666508 0.275898
      vertex -1.154874 0.759553 0.368982
      vertex -1.007665 0.855264 0.464735
    endloop
  endfacet
  facet -0.000000 -0.025293 0.025282
    outer loop
      vertex -1.033832 0.666508 0.275898
      vertex -1.007665 0.855264 0.464735
      vertex -1.154874 0.759553 0.368982
    endloop
  endfacet
  facet -0.028244 0.018324 0.021599
    outer loop
      vertex -1.152082 0.767258 0.369018
      vertex -1.152082 0.614749 0.498405
      vertex -1.010457 0.706107 0.606090
    endloop
  endfacet
  facet 0.028244 -0.018324 -0.021599
    outer loop
      vertex -1.152082 0.767258 0.369018
      vertex -1.010457 0.706107 0.606090
      vertex -1.152082 0.614749 0.498405
    endloop
  endfacet
  facet 0.028244 -0.018324 -0.021599
    outer loop
      vertex -1.152082 0.767258 0.369018
      vertex -1.010457 0.858616 0.476703
      vertex -1.010457 0.706107 0.606090
    endloop
  endfacet
  facet -0.028244 0.018324 0.021599
    outer loop
      vertex -1.152082 0.767258 0.369018
      vertex -1.010457 0.706107 0.606090
      vertex -1.010457 0.858616 0.476703
    endloop
  endfacet
  facet 0.000000 -0.028852 0.024478
    outer loop
      vertex -1.152082 0.614749 0.498405
      vertex -1.010457 0.706107 0.606090
      vertex -1.144038 0.792774 0.708245
    endloop
  endfacet
  facet -0.000000 0.028852 -0.024478
    outer loop
      vertex -1.152082 0.614749 0.498405
      vertex -1.144038 0.792774 0.708245
      vertex -1.010457 0.706107 0.606090
    endloop
  endfacet
  facet -0.000000 0.028852 -0.024478
    outer loop
      vertex -1.152082 0.614749 0.498405
      vertex -1.285663 0.701415 0.600560
      vertex -1.144038 0.792774 0.708245
    endloop
  endfacet
  facet 0.000000 -0.028852 0.024478
    outer loop
      vertex -1.152082 0.614749 0.498405
      vertex -1.144038 0.792774 0.708245
      vertex -1.285663 0.701415 0.600560
    endloop
  endfacet
  facet -0.026793 -0.017284 -0.020372
    outer loop
      vertex -1.010457 0.858616 0.476703
      vertex -1.010457 0.706107 0.606090
      vertex -1.144038 0.792774 0.708245
    endloop
  endfacet
  facet 0.026793 0.017284 0.020372
    outer loop
      vertex -1.010457 0.858616 0.476703
      vertex -1.144038 0.792774 0.708245
      vertex -1.010457 0.706107 0.606090
    endloop
  endfacet
