solid trajectory
  facet 0.013914 0.028763 0.024064
    outer loop
      vertex -0.093755 0.090848 -0.054376
      vertex -0.093755 -0.037489 0.099018
      vertex 0.093755 -0.090848 0.054376
    endloop
  endfacet
  facet -0.013914 -0.028763 -0.024064
    outer loop
      vertex -0.093755 0.090848 -0.054376
      vertex 0.093755 -0.090848 0.054376
      vertex -0.093755 -0.037489 0.099018
    endloop
  endfacet
  facet -0.013914 -0.028763 -0.024064
    outer loop
      vertex -0.093755 0.090848 -0.054376
      vertex 0.093755 0.037489 -0.099018
      vertex 0.093755 -0.090848 0.054376
    endloop
  endfacet
  facet 0.013914 0.028763 0.024064
    outer loop
      vertex -0.093755 0.090848 -0.054376
      vertex 0.093755 -0.090848 0.054376
      vertex 0.093755 0.037489 -0.099018
    endloop
  endfacet
  facet -0.000000 -0.152753 0.182576
    outer loop
      vertex -0.093755 -0.037489 0.099018
      vertex 0.093755 -0.090848 0.054376
      vertex 0.507787 0.765024 0.770440
    endloop
  endfacet
  facet 0.000000 0.152753 -0.182576
    outer loop
      vertex -0.093755 -0.037489 0.099018
      vertex 0.507787 0.765024 0.770440
      vertex 0.093755 -0.090848 0.054376
    endloop
  endfacet
  facet 0.000000 0.152753 -0.182576
    outer loop
      vertex -0.093755 -0.037489 0.099018
      vertex 0.320277 0.818382 0.815083
      vertex 0.507787 0.765024 0.770440
    endloop
  endfacet
  facet -0.000000 -0.152753 0.182576
    outer loop
      vertex -0.093755 -0.037489 0.099018
      vertex 0.507787 0.765024 0.770440
      vertex 0.320277 0.818382 0.815083
    endloop
  endfacet
  facet -0.223183 0.063510 0.053136
    outer loop
      vertex 0.093755 0.037489 -0.099018
      vertex 0.093755 -0.090848 0.054376
      vertex 0.507787 0.765024 0.770440
    endloop
  endfacet
  facet 0.223183 -0.063510 -0.053136
    outer loop
      vertex 0.093755 0.037489 -0.099018
      vertex 0.507787 0.765024 0.770440
      vertex 0.093755 -0.090848 0.054376
    endloop
  endfacet
  facet 0.223183 -0.063510 -0.053136
    outer loop
      vertex 0.093755 0.037489 -0.099018
      vertex 0.507787 0.893360 0.617047
      vertex 0.507787 0.765024 0.770440
    endloop
  endfacet
  facet -0.223183 0.063510 0.053136
    outer loop
      vertex 0.093755 0.037489 -0.099018
      vertex 0.507787 0.765024 0.770440
      vertex 0.507787 0.893360 0.617047
    endloop
  endfacet
  facet -0.223183 0.063510 0.053136
    outer loop
      vertex -0.093755 0.090848 -0.054376
      vertex -0.093755 -0.037489 0.099018
      vertex 0.320277 0.818382 0.815083
    endloop
  endfacet
  facet 0.223183 -0.063510 -0.053136
    outer loop
      vertex -0.093755 0.090848 -0.054376
      vertex 0.320277 0.818382 0.815083
      vertex -0.093755 -0.037489 0.099018
    endloop
  endfacet
  facet 0.223183 -0.063510 -0.053136
    outer loop
      vertex -0.093755 0.090848 -0.054376
      vertex 0.320277 0.946719 0.661689
      vertex 0.320277 0.818382 0.815083
    endloop
  endfacet
  facet -0.223183 0.063510 0.053136
    outer loop
      vertex -0.093755 0.090848 -0.054376
      vertex 0.320277 0.818382 0.815083
      vertex 0.320277 0.946719 0.661689
    endloop
  endfacet
  facet 0.013914 0.028763 0.024064
    outer loop
      vertex 0.320277 0.946719 0.661689
      vertex 0.320277 0.818382 0.815083
      vertex 0.507787 0.765024 0.770440
    endloop
  endfacet
  facet -0.013914 -0.028763 -0.024064
    outer loop
      vertex 0.320277 0.946719 0.661689
      vertex 0.507787 0.765024 0.770440
      vertex 0.320277 0.818382 0.815083
    endloop
  endfacet
  facet -0.013914 -0.028763 -0.024064
    outer loop
      vertex 0.320277 0.946719 0.661689
      vertex 0.507787 0.893360 0.617047
      vertex 0.507787 0.765024 0.770440
    endloop
  endfacet
  facet 0.013914 0.028763 0.024064
    outer loop
      vertex 0.320277 0.946719 0.661689
      vertex 0.507787 0.765024 0.770440
      vertex 0.507787 0.893360 0.617047
    endloop
  endfacet
  facet 0.000000 -0.152753 0.182576
    outer loop
      vertex -0.093755 0.090848 -0.054376
      vertex 0.093755 0.037489 -0.099018
      vertex 0.507787 0.893360 0.617047
    endloop
  endfacet
  facet -0.000000 0.152753 -0.182576
    outer loop
      vertex -0.093755 0.090848 -0.054376
      vertex 0.507787 0.893360 0.617047
      vertex 0.093755 0.037489 -0.099018
    endloop
  endfacet
  facet 0.000000 0.152753 -0.182576
    outer loop
      vertex -0.093755 0.090848 -0.054376
      vertex 0.320277 0.946719 0.661689
      vertex 0.507787 0.893360 0.617047
    endloop
  endfacet
  facet 0.000000 -0.152753 0.182576
    outer loop
      vertex -0.093755 0.090848 -0.054376
      vertex 0.507787 0.893360 0.617047
      vertex 0.320277 0.946719 0.661689
    endloop
  endfacet
  facet 0.014466 0.027074 0.025646
    outer loop
      vertex 0.320801 0.950898 0.668337
      vertex 0.320801 0.813356 0.813535
      vertex 0.507263 0.760845 0.763792
    endloop
  endfacet
  facet -0.014466 -0.027074 -0.025646
    outer loop
      vertex 0.320801 0.950898 0.668337
      vertex 0.507263 0.760845 0.763792
      vertex 0.320801 0.813356 0.813535
    endloop
  endfacet
  facet -0.014466 -0.027074 -0.025646
    outer loop
      vertex 0.320801 0.950898 0.668337
      vertex 0.507263 0.898386 0.618595
      vertex 0.507263 0.760845 0.763792
    endloop
  endfacet
  facet 0.014466 0.027074 0.025646
    outer loop
      vertex 0.320801 0.950898 0.668337
      vertex 0.507263 0.760845 0.763792
      vertex 0.507263 0.898386 0.618595
    endloop
  endfacet
  facet -0.000000 -0.174761 0.184489
    outer loop
      vertex 0.320801 0.813356 0.813535
      vertex 0.507263 0.760845 0.763792
      vertex 0.966783 1.620854 1.578452
    endloop
  endfacet
  facet 0.000000 0.174761 -0.184489
    outer loop
      vertex 0.320801 0.813356 0.813535
      vertex 0.966783 1.620854 1.578452
      vertex 0.507263 0.760845 0.763792
    endloop
  endfacet
  facet 0.000000 0.174761 -0.184489
    outer loop
      vertex 0.320801 0.813356 0.813535
      vertex 0.780320 1.673365 1.628194
      vertex 0.966783 1.620854 1.578452
    endloop
  endfacet
  facet -0.000000 -0.174761 0.184489
    outer loop
      vertex 0.320801 0.813356 0.813535
      vertex 0.966783 1.620854 1.578452
      vertex 0.780320 1.673365 1.628194
    endloop
  endfacet
  facet -0.236921 0.066721 0.063203
    outer loop
      vertex 0.507263 0.898386 0.618595
      vertex 0.507263 0.760845 0.763792
      vertex 0.966783 1.620854 1.578452
    endloop
  endfacet
  facet 0.236921 -0.066721 -0.063203
    outer loop
      vertex 0.507263 0.898386 0.618595
      vertex 0.966783 1.620854 1.578452
      vertex 0.507263 0.760845 0.763792
    endloop
  endfacet
  facet 0.236921 -0.066721 -0.063203
    outer loop
      vertex 0.507263 0.898386 0.618595
      vertex 0.966783 1.758395 1.433254
      vertex 0.966783 1.620854 1.578452
    endloop
  endfacet
  facet -0.236921 0.066721 0.063203
    outer loop
      vertex 0.507263 0.898386 0.618595
      vertex 0.966783 1.620854 1.578452
      vertex 0.966783 1.758395 1.433254
    endloop
  endfacet
  facet -0.236921 0.066721 0.063203
    outer loop
      vertex 0.320801 0.950898 0.668337
      vertex 0.320801 0.813356 0.813535
      vertex 0.780320 1.673365 1.628194
    endloop
  endfacet
  facet 0.236921 -0.066721 -0.063203
    outer loop
      vertex 0.320801 0.950898 0.668337
      vertex 0.780320 1.673365 1.628194
      vertex 0.320801 0.813356 0.813535
    endloop
  endfacet
  facet 0.236921 -0.066721 -0.063203
    outer loop
      vertex 0.320801 0.950898 0.668337
      vertex 0.780320 1.810907 1.482996
      vertex 0.780320 1.673365 1.628194
    endloop
  endfacet
  facet -0.236921 0.066721 0.063203
    outer loop
      vertex 0.320801 0.950898 0.668337
      vertex 0.780320 1.673365 1.628194
      vertex 0.780320 1.810907 1.482996
    endloop
  endfacet
  facet 0.014466 0.027074 0.025646
    outer loop
      vertex 0.780320 1.810907 1.482996
      vertex 0.780320 1.673365 1.628194
      vertex 0.966783 1.620854 1.578452
    endloop
  endfacet
  facet -0.014466 -0.027074 -0.025646
    outer loop
      vertex 0.780320 1.810907 1.482996
      vertex 0.966783 1.620854 1.578452
      vertex 0.780320 1.673365 1.628194
    endloop
  endfacet
  facet -0.014466 -0.027074 -0.025646
    outer loop
      vertex 0.780320 1.810907 1.482996
      vertex 0.966783 1.758395 1.433254
      vertex 0.966783 1.620854 1.578452
    endloop
  endfacet
  facet 0.014466 0.027074 0.025646
    outer loop
      vertex 0.780320 1.810907 1.482996
      vertex 0.966783 1.620854 1.578452
      vertex 0.966783 1.758395 1.433254
    endloop
  endfacet
  facet -0.000000 -0.174761 0.184489
    outer loop
      vertex 0.320801 0.950898 0.668337
      vertex 0.507263 0.898386 0.618595
      vertex 0.966783 1.758395 1.433254
    endloop
  endfacet
  facet 0.000000 0.174761 -0.184489
    outer loop
      vertex 0.320801 0.950898 0.668337
      vertex 0.966783 1.758395 1.433254
      vertex 0.507263 0.898386 0.618595
    endloop
  endfacet
  facet 0.000000 0.174761 -0.184489
    outer loop
      vertex 0.320801 0.950898 0.668337
      vertex 0.780320 1.810907 1.482996
      vertex 0.966783 1.758395 1.433254
    endloop
  endfacet
  facet 0.000000 -0.174761 0.184489
    outer loop
      vertex 0.320801 0.950898 0.668337
      vertex 0.966783 1.758395 1.433254
      vertex 0.780320 1.810907 1.482996
    endloop
  endfacet
  facet 0.015527 0.025670 0.026457
    outer loop
      vertex 0.781393 1.814680 1.488948
      vertex 0.781393 1.671139 1.628218
      vertex 0.965711 1.617080 1.572500
    endloop
  endfacet
  facet -0.015527 -0.025670 -0.026457
    outer loop
      vertex 0.781393 1.814680 1.488948
      vertex 0.965711 1.617080 1.572500
      vertex 0.781393 1.671139 1.628218
    endloop
  endfacet
  facet -0.015527 -0.025670 -0.026457
    outer loop
      vertex 0.781393 1.814680 1.488948
      vertex 0.965711 1.760621 1.433231
      vertex 0.965711 1.617080 1.572500
    endloop
  endfacet
  facet 0.015527 0.025670 0.026457
    outer loop
      vertex 0.781393 1.814680 1.488948
      vertex 0.965711 1.617080 1.572500
      vertex 0.965711 1.760621 1.433231
    endloop
  endfacet
  facet 0.000000 -0.194257 0.188477
    outer loop
      vertex 0.781393 1.671139 1.628218
      vertex 0.965711 1.617080 1.572500
      vertex 1.491021 2.485574 2.467630
    endloop
  endfacet
  facet -0.000000 0.194257 -0.188477
    outer loop
      vertex 0.781393 1.671139 1.628218
      vertex 1.491021 2.485574 2.467630
      vertex 0.965711 1.617080 1.572500
    endloop
  endfacet
  facet 0.000000 0.194257 -0.188477
    outer loop
      vertex 0.781393 1.671139 1.628218
      vertex 1.306703 2.539633 2.523347
      vertex 1.491021 2.485574 2.467630
    endloop
  endfacet
  facet -0.000000 -0.194257 0.188477
    outer loop
      vertex 0.781393 1.671139 1.628218
      vertex 1.491021 2.485574 2.467630
      vertex 1.306703 2.539633 2.523347
    endloop
  endfacet
  facet -0.249442 0.073160 0.075403
    outer loop
      vertex 0.965711 1.760621 1.433231
      vertex 0.965711 1.617080 1.572500
      vertex 1.491021 2.485574 2.467630
    endloop
  endfacet
  facet 0.249442 -0.073160 -0.075403
    outer loop
      vertex 0.965711 1.760621 1.433231
      vertex 1.491021 2.485574 2.467630
      vertex 0.965711 1.617080 1.572500
    endloop
  endfacet
  facet 0.249442 -0.073160 -0.075403
    outer loop
      vertex 0.965711 1.760621 1.433231
      vertex 1.491021 2.629115 2.328360
      vertex 1.491021 2.485574 2.467630
    endloop
  endfacet
  facet -0.249442 0.073160 0.075403
    outer loop
      vertex 0.965711 1.760621 1.433231
      vertex 1.491021 2.485574 2.467630
      vertex 1.491021 2.629115 2.328360
    endloop
  endfacet
  facet -0.249442 0.073160 0.075403
    outer loop
      vertex 0.781393 1.814680 1.488948
      vertex 0.781393 1.671139 1.628218
      vertex 1.306703 2.539633 2.523347
    endloop
  endfacet
  facet 0.249442 -0.073160 -0.075403
    outer loop
      vertex 0.781393 1.814680 1.488948
      vertex 1.306703 2.539633 2.523347
      vertex 0.781393 1.671139 1.628218
    endloop
  endfacet
  facet 0.249442 -0.073160 -0.075403
    outer loop
      vertex 0.781393 1.814680 1.488948
      vertex 1.306703 2.683174 2.384077
      vertex 1.306703 2.539633 2.523347
    endloop
  endfacet
  facet -0.249442 0.073160 0.075403
    outer loop
      vertex 0.781393 1.814680 1.488948
      vertex 1.306703 2.539633 2.523347
      vertex 1.306703 2.683174 2.384077
    endloop
  endfacet
  facet 0.015527 0.025670 0.026457
    outer loop
      vertex 1.306703 2.683174 2.384077
      vertex 1.306703 2.539633 2.523347
      vertex 1.491021 2.485574 2.467630
    endloop
  endfacet
  facet -0.015527 -0.025670 -0.026457
    outer loop
      vertex 1.306703 2.683174 2.384077
      vertex 1.491021 2.485574 2.467630
      vertex 1.306703 2.539633 2.523347
    endloop
  endfacet
  facet -0.015527 -0.025670 -0.026457
    outer loop
      vertex 1.306703 2.683174 2.384077
      vertex 1.491021 2.629115 2.328360
      vertex 1.491021 2.485574 2.467630
    endloop
  endfacet
  facet 0.015527 0.025670 0.026457
    outer loop
      vertex 1.306703 2.683174 2.384077
      vertex 1.491021 2.485574 2.467630
      vertex 1.491021 2.629115 2.328360
    endloop
  endfacet
  facet 0.000000 -0.194257 0.188477
    outer loop
      vertex 0.781393 1.814680 1.488948
      vertex 0.965711 1.760621 1.433231
      vertex 1.491021 2.629115 2.328360
    endloop
  endfacet
  facet -0.000000 0.194257 -0.188477
    outer loop
      vertex 0.781393 1.814680 1.488948
      vertex 1.491021 2.629115 2.328360
      vertex 0.965711 1.760621 1.433231
    endloop
  endfacet
  facet 0.000000 0.194257 -0.188477
    outer loop
      vertex 0.781393 1.814680 1.488948
      vertex 1.306703 2.683174 2.384077
      vertex 1.491021 2.629115 2.328360
    endloop
  endfacet
  facet -0.000000 -0.194257 0.188477
    outer loop
      vertex 0.781393 1.814680 1.488948
      vertex 1.491021 2.629115 2.328360
      vertex 1.306703 2.683174 2.384077
    endloop
  endfacet
  facet 0.016523 0.025094 0.026406
    outer loop
      vertex 1.307792 2.685319 2.386911
      vertex 1.307792 2.540340 2.524683
      vertex 1.489932 2.483430 2.464796
    endloop
  endfacet
  facet -0.016523 -0.025094 -0.026406
    outer loop
      vertex 1.307792 2.685319 2.386911
      vertex 1.489932 2.483430 2.464796
      vertex 1.307792 2.540340 2.524683
    endloop
  endfacet
  facet -0.016523 -0.025094 -0.026406
    outer loop
      vertex 1.307792 2.685319 2.386911
      vertex 1.489932 2.628408 2.327024
      vertex 1.489932 2.483430 2.464796
    endloop
  endfacet
  facet 0.016523 0.025094 0.026406
    outer loop
      vertex 1.307792 2.685319 2.386911
      vertex 1.489932 2.483430 2.464796
      vertex 1.489932 2.628408 2.327024
    endloop
  endfacet
  facet 0.000000 -0.205377 0.195169
    outer loop
      vertex 1.307792 2.540340 2.524683
      vertex 1.489932 2.483430 2.464796
      vertex 2.075098 3.372129 3.399979
    endloop
  endfacet
  facet -0.000000 0.205377 -0.195169
    outer loop
      vertex 1.307792 2.540340 2.524683
      vertex 2.075098 3.372129 3.399979
      vertex 1.489932 2.483430 2.464796
    endloop
  endfacet
  facet -0.000000 0.205377 -0.195169
    outer loop
      vertex 1.307792 2.540340 2.524683
      vertex 1.892959 3.429039 3.459866
      vertex 2.075098 3.372129 3.399979
    endloop
  endfacet
  facet 0.000000 -0.205377 0.195169
    outer loop
      vertex 1.307792 2.540340 2.524683
      vertex 2.075098 3.372129 3.399979
      vertex 1.892959 3.429039 3.459866
    endloop
  endfacet
  facet -0.258020 0.080620 0.084837
    outer loop
      vertex 1.489932 2.628408 2.327024
      vertex 1.489932 2.483430 2.464796
      vertex 2.075098 3.372129 3.399979
    endloop
  endfacet
  facet 0.258020 -0.080620 -0.084837
    outer loop
      vertex 1.489932 2.628408 2.327024
      vertex 2.075098 3.372129 3.399979
      vertex 1.489932 2.483430 2.464796
    endloop
  endfacet
  facet 0.258020 -0.080620 -0.084837
    outer loop
      vertex 1.489932 2.628408 2.327024
      vertex 2.075098 3.517107 3.262206
      vertex 2.075098 3.372129 3.399979
    endloop
  endfacet
  facet -0.258020 0.080620 0.084837
    outer loop
      vertex 1.489932 2.628408 2.327024
      vertex 2.075098 3.372129 3.399979
      vertex 2.075098 3.517107 3.262206
    endloop
  endfacet
  facet -0.258020 0.080620 0.084837
    outer loop
      vertex 1.307792 2.685319 2.386911
      vertex 1.307792 2.540340 2.524683
      vertex 1.892959 3.429039 3.459866
    endloop
  endfacet
  facet 0.258020 -0.080620 -0.084837
    outer loop
      vertex 1.307792 2.685319 2.386911
      vertex 1.892959 3.429039 3.459866
      vertex 1.307792 2.540340 2.524683
    endloop
  endfacet
  facet 0.258020 -0.080620 -0.084837
    outer loop
      vertex 1.307792 2.685319 2.386911
      vertex 1.892959 3.574018 3.322093
      vertex 1.892959 3.429039 3.459866
    endloop
  endfacet
  facet -0.258020 0.080620 0.084837
    outer loop
      vertex 1.307792 2.685319 2.386911
      vertex 1.892959 3.429039 3.459866
      vertex 1.892959 3.574018 3.322093
    endloop
  endfacet
  facet 0.016523 0.025094 0.026406
    outer loop
      vertex 1.892959 3.574018 3.322093
      vertex 1.892959 3.429039 3.459866
      vertex 2.075098 3.372129 3.399979
    endloop
  endfacet
  facet -0.016523 -0.025094 -0.026406
    outer loop
      vertex 1.892959 3.574018 3.322093
      vertex 2.075098 3.372129 3.399979
      vertex 1.892959 3.429039 3.459866
    endloop
  endfacet
  facet -0.016523 -0.025094 -0.026406
    outer loop
      vertex 1.892959 3.574018 3.322093
      vertex 2.075098 3.517107 3.262206
      vertex 2.075098 3.372129 3.399979
    endloop
  endfacet
  facet 0.016523 0.025094 0.026406
    outer loop
      vertex 1.892959 3.574018 3.322093
      vertex 2.075098 3.372129 3.399979
      vertex 2.075098 3.517107 3.262206
    endloop
  endfacet
  facet 0.000000 -0.205377 0.195169
    outer loop
      vertex 1.307792 2.685319 2.386911
      vertex 1.489932 2.628408 2.327024
      vertex 2.075098 3.517107 3.262206
    endloop
  endfacet
  facet -0.000000 0.205377 -0.195169
    outer loop
      vertex 1.307792 2.685319 2.386911
      vertex 2.075098 3.517107 3.262206
      vertex 1.489932 2.628408 2.327024
    endloop
  endfacet
  facet -0.000000 0.205377 -0.195169
    outer loop
      vertex 1.307792 2.685319 2.386911
      vertex 1.892959 3.574018 3.322093
      vertex 2.075098 3.517107 3.262206
    endloop
  endfacet
  facet 0.000000 -0.205377 0.195169
    outer loop
      vertex 1.307792 2.685319 2.386911
      vertex 2.075098 3.517107 3.262206
      vertex 1.892959 3.574018 3.322093
    endloop
  endfacet
  facet 0.016102 0.024323 0.027369
    outer loop
      vertex 1.892489 3.574562 3.324697
      vertex 1.892489 3.425067 3.457555
      vertex 2.075568 3.371584 3.397375
    endloop
  endfacet
  facet -0.016102 -0.024323 -0.027369
    outer loop
      vertex 1.892489 3.574562 3.324697
      vertex 2.075568 3.371584 3.397375
      vertex 1.892489 3.425067 3.457555
    endloop
  endfacet
  facet -0.016102 -0.024323 -0.027369
    outer loop
      vertex 1.892489 3.574562 3.324697
      vertex 2.075568 3.521079 3.264517
      vertex 2.075568 3.371584 3.397375
    endloop
  endfacet
  facet 0.016102 0.024323 0.027369
    outer loop
      vertex 1.892489 3.574562 3.324697
      vertex 2.075568 3.371584 3.397375
      vertex 2.075568 3.521079 3.264517
    endloop
  endfacet
  facet 0.000000 -0.223080 0.198254
    outer loop
      vertex 1.892489 3.425067 3.457555
      vertex 2.075568 3.371584 3.397375
      vertex 2.676275 4.278988 4.418408
    endloop
  endfacet
  facet -0.000000 0.223080 -0.198254
    outer loop
      vertex 1.892489 3.425067 3.457555
      vertex 2.676275 4.278988 4.418408
      vertex 2.075568 3.371584 3.397375
    endloop
  endfacet
  facet -0.000000 0.223080 -0.198254
    outer loop
      vertex 1.892489 3.425067 3.457555
      vertex 2.493196 4.332471 4.478588
      vertex 2.676275 4.278988 4.418408
    endloop
  endfacet
  facet 0.000000 -0.223080 0.198254
    outer loop
      vertex 1.892489 3.425067 3.457555
      vertex 2.676275 4.278988 4.418408
      vertex 2.493196 4.332471 4.478588
    endloop
  endfacet
  facet -0.273195 0.079809 0.089803
    outer loop
      vertex 2.075568 3.521079 3.264517
      vertex 2.075568 3.371584 3.397375
      vertex 2.676275 4.278988 4.418408
    endloop
  endfacet
  facet 0.273195 -0.079809 -0.089803
    outer loop
      vertex 2.075568 3.521079 3.264517
      vertex 2.676275 4.278988 4.418408
      vertex 2.075568 3.371584 3.397375
    endloop
  endfacet
  facet 0.273195 -0.079809 -0.089803
    outer loop
      vertex 2.075568 3.521079 3.264517
      vertex 2.676275 4.428483 4.285550
      vertex 2.676275 4.278988 4.418408
    endloop
  endfacet
  facet -0.273195 0.079809 0.089803
    outer loop
      vertex 2.075568 3.521079 3.264517
      vertex 2.676275 4.278988 4.418408
      vertex 2.676275 4.428483 4.285550
    endloop
  endfacet
  facet -0.273195 0.079809 0.089803
    outer loop
      vertex 1.892489 3.574562 3.324697
      vertex 1.892489 3.425067 3.457555
      vertex 2.493196 4.332471 4.478588
    endloop
  endfacet
  facet 0.273195 -0.079809 -0.089803
    outer loop
      vertex 1.892489 3.574562 3.324697
      vertex 2.493196 4.332471 4.478588
      vertex 1.892489 3.425067 3.457555
    endloop
  endfacet
  facet 0.273195 -0.079809 -0.089803
    outer loop
      vertex 1.892489 3.574562 3.324697
      vertex 2.493196 4.481966 4.345730
      vertex 2.493196 4.332471 4.478588
    endloop
  endfacet
  facet -0.273195 0.079809 0.089803
    outer loop
      vertex 1.892489 3.574562 3.324697
      vertex 2.493196 4.332471 4.478588
      vertex 2.493196 4.481966 4.345730
    endloop
  endfacet
  facet 0.016102 0.024323 0.027369
    outer loop
      vertex 2.493196 4.481966 4.345730
      vertex 2.493196 4.332471 4.478588
      vertex 2.676275 4.278988 4.418408
    endloop
  endfacet
  facet -0.016102 -0.024323 -0.027369
    outer loop
      vertex 2.493196 4.481966 4.345730
      vertex 2.676275 4.278988 4.418408
      vertex 2.493196 4.332471 4.478588
    endloop
  endfacet
  facet -0.016102 -0.024323 -0.027369
    outer loop
      vertex 2.493196 4.481966 4.345730
      vertex 2.676275 4.428483 4.285550
      vertex 2.676275 4.278988 4.418408
    endloop
  endfacet
  facet 0.016102 0.024323 0.027369
    outer loop
      vertex 2.493196 4.481966 4.345730
      vertex 2.676275 4.278988 4.418408
      vertex 2.676275 4.428483 4.285550
    endloop
  endfacet
  facet 0.000000 -0.223080 0.198254
    outer loop
      vertex 1.892489 3.574562 3.324697
      vertex 2.075568 3.521079 3.264517
      vertex 2.676275 4.428483 4.285550
    endloop
  endfacet
  facet -0.000000 0.223080 -0.198254
    outer loop
      vertex 1.892489 3.574562 3.324697
      vertex 2.676275 4.428483 4.285550
      vertex 2.075568 3.521079 3.264517
    endloop
  endfacet
  facet -0.000000 0.223080 -0.198254
    outer loop
      vertex 1.892489 3.574562 3.324697
      vertex 2.493196 4.481966 4.345730
      vertex 2.676275 4.428483 4.285550
    endloop
  endfacet
  facet 0.000000 -0.223080 0.198254
    outer loop
      vertex 1.892489 3.574562 3.324697
      vertex 2.676275 4.428483 4.285550
      vertex 2.493196 4.481966 4.345730
    endloop
  endfacet
  facet 0.016776 0.024179 0.027091
    outer loop
      vertex 2.493956 4.483010 4.346772
      vertex 2.493956 4.333797 4.479946
      vertex 2.675516 4.277944 4.417366
    endloop
  endfacet
  facet -0.016776 -0.024179 -0.027091
    outer loop
      vertex 2.493956 4.483010 4.346772
      vertex 2.675516 4.277944 4.417366
      vertex 2.493956 4.333797 4.479946
    endloop
  endfacet
  facet -0.016776 -0.024179 -0.027091
    outer loop
      vertex 2.493956 4.483010 4.346772
      vertex 2.675516 4.427157 4.284192
      vertex 2.675516 4.277944 4.417366
    endloop
  endfacet
  facet 0.016776 0.024179 0.027091
    outer loop
      vertex 2.493956 4.483010 4.346772
      vertex 2.675516 4.277944 4.417366
      vertex 2.675516 4.427157 4.284192
    endloop
  endfacet
  facet -0.000000 -0.242545 0.216474
    outer loop
      vertex 2.493956 4.333797 4.479946
      vertex 2.675516 4.277944 4.417366
      vertex 3.357250 5.260522 5.518281
    endloop
  endfacet
  facet 0.000000 0.242545 -0.216474
    outer loop
      vertex 2.493956 4.333797 4.479946
      vertex 3.357250 5.260522 5.518281
      vertex 2.675516 4.277944 4.417366
    endloop
  endfacet
  facet 0.000000 0.242545 -0.216474
    outer loop
      vertex 2.493956 4.333797 4.479946
      vertex 3.175690 5.316375 5.580861
      vertex 3.357250 5.260522 5.518281
    endloop
  endfacet
  facet -0.000000 -0.242545 0.216474
    outer loop
      vertex 2.493956 4.333797 4.479946
      vertex 3.357250 5.260522 5.518281
      vertex 3.175690 5.316375 5.580861
    endloop
  endfacet
  facet -0.295125 0.090790 0.101724
    outer loop
      vertex 2.675516 4.427157 4.284192
      vertex 2.675516 4.277944 4.417366
      vertex 3.357250 5.260522 5.518281
    endloop
  endfacet
  facet 0.295125 -0.090790 -0.101724
    outer loop
      vertex 2.675516 4.427157 4.284192
      vertex 3.357250 5.260522 5.518281
      vertex 2.675516 4.277944 4.417366
    endloop
  endfacet
  facet 0.295125 -0.090790 -0.101724
    outer loop
      vertex 2.675516 4.427157 4.284192
      vertex 3.357250 5.409735 5.385106
      vertex 3.357250 5.260522 5.518281
    endloop
  endfacet
  facet -0.295125 0.090790 0.101724
    outer loop
      vertex 2.675516 4.427157 4.284192
      vertex 3.357250 5.260522 5.518281
      vertex 3.357250 5.409735 5.385106
    endloop
  endfacet
  facet -0.295125 0.090790 0.101724
    outer loop
      vertex 2.493956 4.483010 4.346772
      vertex 2.493956 4.333797 4.479946
      vertex 3.175690 5.316375 5.580861
    endloop
  endfacet
  facet 0.295125 -0.090790 -0.101724
    outer loop
      vertex 2.493956 4.483010 4.346772
      vertex 3.175690 5.316375 5.580861
      vertex 2.493956 4.333797 4.479946
    endloop
  endfacet
  facet 0.295125 -0.090790 -0.101724
    outer loop
      vertex 2.493956 4.483010 4.346772
      vertex 3.175690 5.465589 5.447687
      vertex 3.175690 5.316375 5.580861
    endloop
  endfacet
  facet -0.295125 0.090790 0.101724
    outer loop
      vertex 2.493956 4.483010 4.346772
      vertex 3.175690 5.316375 5.580861
      vertex 3.175690 5.465589 5.447687
    endloop
  endfacet
  facet 0.016776 0.024179 0.027091
    outer loop
      vertex 3.175690 5.465589 5.447687
      vertex 3.175690 5.316375 5.580861
      vertex 3.357250 5.260522 5.518281
    endloop
  endfacet
  facet -0.016776 -0.024179 -0.027091
    outer loop
      vertex 3.175690 5.465589 5.447687
      vertex 3.357250 5.260522 5.518281
      vertex 3.175690 5.316375 5.580861
    endloop
  endfacet
  facet -0.016776 -0.024179 -0.027091
    outer loop
      vertex 3.175690 5.465589 5.447687
      vertex 3.357250 5.409735 5.385106
      vertex 3.357250 5.260522 5.518281
    endloop
  endfacet
  facet 0.016776 0.024179 0.027091
    outer loop
      vertex 3.175690 5.465589 5.447687
      vertex 3.357250 5.260522 5.518281
      vertex 3.357250 5.409735 5.385106
    endloop
  endfacet
  facet -0.000000 -0.242545 0.216474
    outer loop
      vertex 2.493956 4.483010 4.346772
      vertex 2.675516 4.427157 4.284192
      vertex 3.357250 5.409735 5.385106
    endloop
  endfacet
  facet 0.000000 0.242545 -0.216474
    outer loop
      vertex 2.493956 4.483010 4.346772
      vertex 3.357250 5.409735 5.385106
      vertex 2.675516 4.427157 4.284192
    endloop
  endfacet
  facet 0.000000 0.242545 -0.216474
    outer loop
      vertex 2.493956 4.483010 4.346772
      vertex 3.175690 5.465589 5.447687
      vertex 3.357250 5.409735 5.385106
    endloop
  endfacet
  facet -0.000000 -0.242545 0.216474
    outer loop
      vertex 2.493956 4.483010 4.346772
      vertex 3.357250 5.409735 5.385106
      vertex 3.175690 5.465589 5.447687
    endloop
  endfacet
  facet 0.017675 0.024151 0.026539
    outer loop
      vertex 3.176762 5.466755 5.448360
      vertex 3.176762 5.318835 5.582969
      vertex 3.356178 5.259355 5.517607
    endloop
  endfacet
  facet -0.017675 -0.024151 -0.026539
    outer loop
      vertex 3.176762 5.466755 5.448360
      vertex 3.356178 5.259355 5.517607
      vertex 3.176762 5.318835 5.582969
    endloop
  endfacet
  facet -0.017675 -0.024151 -0.026539
    outer loop
      vertex 3.176762 5.466755 5.448360
      vertex 3.356178 5.407276 5.382999
      vertex 3.356178 5.259355 5.517607
    endloop
  endfacet
  facet 0.017675 0.024151 0.026539
    outer loop
      vertex 3.176762 5.466755 5.448360
      vertex 3.356178 5.259355 5.517607
      vertex 3.356178 5.407276 5.382999
    endloop
  endfacet
  facet 0.000000 -0.258887 0.235588
    outer loop
      vertex 3.176762 5.318835 5.582969
      vertex 3.356178 5.259355 5.517607
      vertex 4.129530 6.316061 6.678818
    endloop
  endfacet
  facet -0.000000 0.258887 -0.235588
    outer loop
      vertex 3.176762 5.318835 5.582969
      vertex 4.129530 6.316061 6.678818
      vertex 3.356178 5.259355 5.517607
    endloop
  endfacet
  facet -0.000000 0.258887 -0.235588
    outer loop
      vertex 3.176762 5.318835 5.582969
      vertex 3.950114 6.375541 6.744180
      vertex 4.129530 6.316061 6.678818
    endloop
  endfacet
  facet 0.000000 -0.258887 0.235588
    outer loop
      vertex 3.176762 5.318835 5.582969
      vertex 4.129530 6.316061 6.678818
      vertex 3.950114 6.375541 6.744180
    endloop
  endfacet
  facet -0.314009 0.104100 0.114395
    outer loop
      vertex 3.356178 5.407276 5.382999
      vertex 3.356178 5.259355 5.517607
      vertex 4.129530 6.316061 6.678818
    endloop
  endfacet
  facet 0.314009 -0.104100 -0.114395
    outer loop
      vertex 3.356178 5.407276 5.382999
      vertex 4.129530 6.316061 6.678818
      vertex 3.356178 5.259355 5.517607
    endloop
  endfacet
  facet 0.314009 -0.104100 -0.114395
    outer loop
      vertex 3.356178 5.407276 5.382999
      vertex 4.129530 6.463982 6.544210
      vertex 4.129530 6.316061 6.678818
    endloop
  endfacet
  facet -0.314009 0.104100 0.114395
    outer loop
      vertex 3.356178 5.407276 5.382999
      vertex 4.129530 6.316061 6.678818
      vertex 4.129530 6.463982 6.544210
    endloop
  endfacet
  facet -0.314009 0.104100 0.114395
    outer loop
      vertex 3.176762 5.466755 5.448360
      vertex 3.176762 5.318835 5.582969
      vertex 3.950114 6.375541 6.744180
    endloop
  endfacet
  facet 0.314009 -0.104100 -0.114395
    outer loop
      vertex 3.176762 5.466755 5.448360
      vertex 3.950114 6.375541 6.744180
      vertex 3.176762 5.318835 5.582969
    endloop
  endfacet
  facet 0.314009 -0.104100 -0.114395
    outer loop
      vertex 3.176762 5.466755 5.448360
      vertex 3.950114 6.523462 6.609572
      vertex 3.950114 6.375541 6.744180
    endloop
  endfacet
  facet -0.314009 0.104100 0.114395
    outer loop
      vertex 3.176762 5.466755 5.448360
      vertex 3.950114 6.375541 6.744180
      vertex 3.950114 6.523462 6.609572
    endloop
  endfacet
  facet 0.017675 0.024151 0.026539
    outer loop
      vertex 3.950114 6.523462 6.609572
      vertex 3.950114 6.375541 6.744180
      vertex 4.129530 6.316061 6.678818
    endloop
  endfacet
  facet -0.017675 -0.024151 -0.026539
    outer loop
      vertex 3.950114 6.523462 6.609572
      vertex 4.129530 6.316061 6.678818
      vertex 3.950114 6.375541 6.744180
    endloop
  endfacet
  facet -0.017675 -0.024151 -0.026539
    outer loop
      vertex 3.950114 6.523462 6.609572
      vertex 4.129530 6.463982 6.544210
      vertex 4.129530 6.316061 6.678818
    endloop
  endfacet
  facet 0.017675 0.024151 0.026539
    outer loop
      vertex 3.950114 6.523462 6.609572
      vertex 4.129530 6.316061 6.678818
      vertex 4.129530 6.463982 6.544210
    endloop
  endfacet
  facet 0.000000 -0.258887 0.235588
    outer loop
      vertex 3.176762 5.466755 5.448360
      vertex 3.356178 5.407276 5.382999
      vertex 4.129530 6.463982 6.544210
    endloop
  endfacet
  facet -0.000000 0.258887 -0.235588
    outer loop
      vertex 3.176762 5.466755 5.448360
      vertex 4.129530 6.463982 6.544210
      vertex 3.356178 5.407276 5.382999
    endloop
  endfacet
  facet -0.000000 0.258887 -0.235588
    outer loop
      vertex 3.176762 5.466755 5.448360
      vertex 3.950114 6.523462 6.609572
      vertex 4.129530 6.463982 6.544210
    endloop
  endfacet
  facet 0.000000 -0.258887 0.235588
    outer loop
      vertex 3.176762 5.466755 5.448360
      vertex 4.129530 6.463982 6.544210
      vertex 3.950114 6.523462 6.609572
    endloop
  endfacet
  facet 0.018674 0.023960 0.026023
    outer loop
      vertex 3.951389 6.524950 6.610805
      vertex 3.951389 6.377818 6.746275
      vertex 4.128255 6.314573 6.677585
    endloop
  endfacet
  facet -0.018674 -0.023960 -0.026023
    outer loop
      vertex 3.951389 6.524950 6.610805
      vertex 4.128255 6.314573 6.677585
      vertex 3.951389 6.377818 6.746275
    endloop
  endfacet
  facet -0.018674 -0.023960 -0.026023
    outer loop
      vertex 3.951389 6.524950 6.610805
      vertex 4.128255 6.461705 6.542115
      vertex 4.128255 6.314573 6.677585
    endloop
  endfacet
  facet 0.018674 0.023960 0.026023
    outer loop
      vertex 3.951389 6.524950 6.610805
      vertex 4.128255 6.314573 6.677585
      vertex 4.128255 6.461705 6.542115
    endloop
  endfacet
  facet 0.000000 -0.263670 0.242770
    outer loop
      vertex 3.951389 6.377818 6.746275
      vertex 4.128255 6.314573 6.677585
      vertex 4.964894 7.388021 7.843442
    endloop
  endfacet
  facet -0.000000 0.263670 -0.242770
    outer loop
      vertex 3.951389 6.377818 6.746275
      vertex 4.964894 7.388021 7.843442
      vertex 4.128255 6.314573 6.677585
    endloop
  endfacet
  facet -0.000000 0.263670 -0.242770
    outer loop
      vertex 3.951389 6.377818 6.746275
      vertex 4.788027 7.451266 7.912132
      vertex 4.964894 7.388021 7.843442
    endloop
  endfacet
  facet 0.000000 -0.263670 0.242770
    outer loop
      vertex 3.951389 6.377818 6.746275
      vertex 4.964894 7.388021 7.843442
      vertex 4.788027 7.451266 7.912132
    endloop
  endfacet
  facet -0.316955 0.113339 0.123096
    outer loop
      vertex 4.128255 6.461705 6.542115
      vertex 4.128255 6.314573 6.677585
      vertex 4.964894 7.388021 7.843442
    endloop
  endfacet
  facet 0.316955 -0.113339 -0.123096
    outer loop
      vertex 4.128255 6.461705 6.542115
      vertex 4.964894 7.388021 7.843442
      vertex 4.128255 6.314573 6.677585
    endloop
  endfacet
  facet 0.316955 -0.113339 -0.123096
    outer loop
      vertex 4.128255 6.461705 6.542115
      vertex 4.964894 7.535153 7.707972
      vertex 4.964894 7.388021 7.843442
    endloop
  endfacet
  facet -0.316955 0.113339 0.123096
    outer loop
      vertex 4.128255 6.461705 6.542115
      vertex 4.964894 7.388021 7.843442
      vertex 4.964894 7.535153 7.707972
    endloop
  endfacet
  facet -0.316955 0.113339 0.123096
    outer loop
      vertex 3.951389 6.524950 6.610805
      vertex 3.951389 6.377818 6.746275
      vertex 4.788027 7.451266 7.912132
    endloop
  endfacet
  facet 0.316955 -0.113339 -0.123096
    outer loop
      vertex 3.951389 6.524950 6.610805
      vertex 4.788027 7.451266 7.912132
      vertex 3.951389 6.377818 6.746275
    endloop
  endfacet
  facet 0.316955 -0.113339 -0.123096
    outer loop
      vertex 3.951389 6.524950 6.610805
      vertex 4.788027 7.598398 7.776662
      vertex 4.788027 7.451266 7.912132
    endloop
  endfacet
  facet -0.316955 0.113339 0.123096
    outer loop
      vertex 3.951389 6.524950 6.610805
      vertex 4.788027 7.451266 7.912132
      vertex 4.788027 7.598398 7.776662
    endloop
  endfacet
  facet 0.018674 0.023960 0.026023
    outer loop
      vertex 4.788027 7.598398 7.776662
      vertex 4.788027 7.451266 7.912132
      vertex 4.964894 7.388021 7.843442
    endloop
  endfacet
  facet -0.018674 -0.023960 -0.026023
    outer loop
      vertex 4.788027 7.598398 7.776662
      vertex 4.964894 7.388021 7.843442
      vertex 4.788027 7.451266 7.912132
    endloop
  endfacet
  facet -0.018674 -0.023960 -0.026023
    outer loop
      vertex 4.788027 7.598398 7.776662
      vertex 4.964894 7.535153 7.707972
      vertex 4.964894 7.388021 7.843442
    endloop
  endfacet
  facet 0.018674 0.023960 0.026023
    outer loop
      vertex 4.788027 7.598398 7.776662
      vertex 4.964894 7.388021 7.843442
      vertex 4.964894 7.535153 7.707972
    endloop
  endfacet
  facet 0.000000 -0.263670 0.242770
    outer loop
      vertex 3.951389 6.524950 6.610805
      vertex 4.128255 6.461705 6.542115
      vertex 4.964894 7.535153 7.707972
    endloop
  endfacet
  facet -0.000000 0.263670 -0.242770
    outer loop
      vertex 3.951389 6.524950 6.610805
      vertex 4.964894 7.535153 7.707972
      vertex 4.128255 6.461705 6.542115
    endloop
  endfacet
  facet -0.000000 0.263670 -0.242770
    outer loop
      vertex 3.951389 6.524950 6.610805
      vertex 4.788027 7.598398 7.776662
      vertex 4.964894 7.535153 7.707972
    endloop
  endfacet
  facet 0.000000 -0.263670 0.242770
    outer loop
      vertex 3.951389 6.524950 6.610805
      vertex 4.964894 7.535153 7.707972
      vertex 4.788027 7.598398 7.776662
    endloop
  endfacet
  facet 0.019790 0.023131 0.025948
    outer loop
      vertex 4.789557 7.600778 7.780441
      vertex 4.789557 7.451486 7.913527
      vertex 4.963364 7.385641 7.839664
    endloop
  endfacet
  facet -0.019790 -0.023131 -0.025948
    outer loop
      vertex 4.789557 7.600778 7.780441
      vertex 4.963364 7.385641 7.839664
      vertex 4.789557 7.451486 7.913527
    endloop
  endfacet
  facet -0.019790 -0.023131 -0.025948
    outer loop
      vertex 4.789557 7.600778 7.780441
      vertex 4.963364 7.534932 7.706578
      vertex 4.963364 7.385641 7.839664
    endloop
  endfacet
  facet 0.019790 0.023131 0.025948
    outer loop
      vertex 4.789557 7.600778 7.780441
      vertex 4.963364 7.385641 7.839664
      vertex 4.963364 7.534932 7.706578
    endloop
  endfacet
  facet -0.000000 -0.277501 0.247379
    outer loop
      vertex 4.789557 7.451486 7.913527
      vertex 4.963364 7.385641 7.839664
      vertex 5.883010 8.460539 9.045447
    endloop
  endfacet
  facet 0.000000 0.277501 -0.247379
    outer loop
      vertex 4.789557 7.451486 7.913527
      vertex 5.883010 8.460539 9.045447
      vertex 4.963364 7.385641 7.839664
    endloop
  endfacet
  facet -0.000000 0.277501 -0.247379
    outer loop
      vertex 4.789557 7.451486 7.913527
      vertex 5.709204 8.526385 9.119311
      vertex 5.883010 8.460539 9.045447
    endloop
  endfacet
  facet 0.000000 -0.277501 0.247379
    outer loop
      vertex 4.789557 7.451486 7.913527
      vertex 5.883010 8.460539 9.045447
      vertex 5.709204 8.526385 9.119311
    endloop
  endfacet
  facet -0.323068 0.122392 0.137296
    outer loop
      vertex 4.963364 7.534932 7.706578
      vertex 4.963364 7.385641 7.839664
      vertex 5.883010 8.460539 9.045447
    endloop
  endfacet
  facet 0.323068 -0.122392 -0.137296
    outer loop
      vertex 4.963364 7.534932 7.706578
      vertex 5.883010 8.460539 9.045447
      vertex 4.963364 7.385641 7.839664
    endloop
  endfacet
  facet 0.323068 -0.122392 -0.137296
    outer loop
      vertex 4.963364 7.534932 7.706578
      vertex 5.883010 8.609831 8.912361
      vertex 5.883010 8.460539 9.045447
    endloop
  endfacet
  facet -0.323068 0.122392 0.137296
    outer loop
      vertex 4.963364 7.534932 7.706578
      vertex 5.883010 8.460539 9.045447
      vertex 5.883010 8.609831 8.912361
    endloop
  endfacet
  facet -0.323068 0.122392 0.137296
    outer loop
      vertex 4.789557 7.600778 7.780441
      vertex 4.789557 7.451486 7.913527
      vertex 5.709204 8.526385 9.119311
    endloop
  endfacet
  facet 0.323068 -0.122392 -0.137296
    outer loop
