solid trajectory
  facet 0.035426 0.014555 0.011539
    outer loop
      vertex 0.064685 -0.081535 -0.095749
      vertex -0.011319 0.103460 -0.095749
      vertex -0.064685 0.081535 0.095749
    endloop
  endfacet
  facet -0.035426 -0.014555 -0.011539
    outer loop
      vertex 0.064685 -0.081535 -0.095749
      vertex -0.064685 0.081535 0.095749
      vertex -0.011319 0.103460 -0.095749
    endloop
  endfacet
  facet -0.035426 -0.014555 -0.011539
    outer loop
      vertex 0.064685 -0.081535 -0.095749
      vertex 0.011319 -0.103460 0.095749
      vertex -0.064685 0.081535 0.095749
    endloop
  endfacet
  facet 0.035426 0.014555 0.011539
    outer loop
      vertex 0.064685 -0.081535 -0.095749
      vertex -0.064685 0.081535 0.095749
      vertex 0.011319 -0.103460 0.095749
    endloop
  endfacet
  facet -0.005977 0.014548 -0.000000
    outer loop
      vertex -0.011319 0.103460 -0.095749
      vertex -0.064685 0.081535 0.095749
      vertex 0.004962 0.110149 0.118434
    endloop
  endfacet
  facet 0.005977 -0.014548 0.000000
    outer loop
      vertex -0.011319 0.103460 -0.095749
      vertex 0.004962 0.110149 0.118434
      vertex -0.064685 0.081535 0.095749
    endloop
  endfacet
  facet 0.005977 -0.014548 0.000000
    outer loop
      vertex -0.011319 0.103460 -0.095749
      vertex 0.058328 0.132074 -0.073064
      vertex 0.004962 0.110149 0.118434
    endloop
  endfacet
  facet -0.005977 0.014548 -0.000000
    outer loop
      vertex -0.011319 0.103460 -0.095749
      vertex 0.004962 0.110149 0.118434
      vertex 0.058328 0.132074 -0.073064
    endloop
  endfacet
  facet 0.004197 0.001724 -0.015059
    outer loop
      vertex 0.011319 -0.103460 0.095749
      vertex -0.064685 0.081535 0.095749
      vertex 0.004962 0.110149 0.118434
    endloop
  endfacet
  facet -0.004197 -0.001724 0.015059
    outer loop
      vertex 0.011319 -0.103460 0.095749
      vertex 0.004962 0.110149 0.118434
      vertex -0.064685 0.081535 0.095749
    endloop
  endfacet
  facet -0.004197 -0.001724 0.015059
    outer loop
      vertex 0.011319 -0.103460 0.095749
      vertex 0.080966 -0.074846 0.118434
      vertex 0.004962 0.110149 0.118434
    endloop
  endfacet
  facet 0.004197 0.001724 -0.015059
    outer loop
      vertex 0.011319 -0.103460 0.095749
      vertex 0.004962 0.110149 0.118434
      vertex 0.080966 -0.074846 0.118434
    endloop
  endfacet
  facet 0.004197 0.001724 -0.015059
    outer loop
      vertex 0.064685 -0.081535 -0.095749
      vertex -0.011319 0.103460 -0.095749
      vertex 0.058328 0.132074 -0.073064
    endloop
  endfacet
  facet -0.004197 -0.001724 0.015059
    outer loop
      vertex 0.064685 -0.081535 -0.095749
      vertex 0.058328 0.132074 -0.073064
      vertex -0.011319 0.103460 -0.095749
    endloop
  endfacet
  facet -0.004197 -0.001724 0.015059
    outer loop
      vertex 0.064685 -0.081535 -0.095749
      vertex 0.134332 -0.052921 -0.073064
      vertex 0.058328 0.132074 -0.073064
    endloop
  endfacet
  facet 0.004197 0.001724 -0.015059
    outer loop
      vertex 0.064685 -0.081535 -0.095749
      vertex 0.058328 0.132074 -0.073064
      vertex 0.134332 -0.052921 -0.073064
    endloop
  endfacet
  facet 0.035426 0.014555 0.011539
    outer loop
      vertex 0.134332 -0.052921 -0.073064
      vertex 0.058328 0.132074 -0.073064
      vertex 0.004962 0.110149 0.118434
    endloop
  endfacet
  facet -0.035426 -0.014555 -0.011539
    outer loop
      vertex 0.134332 -0.052921 -0.073064
      vertex 0.004962 0.110149 0.118434
      vertex 0.058328 0.132074 -0.073064
    endloop
  endfacet
  facet -0.035426 -0.014555 -0.011539
    outer loop
      vertex 0.134332 -0.052921 -0.073064
      vertex 0.080966 -0.074846 0.118434
      vertex 0.004962 0.110149 0.118434
    endloop
  endfacet
  facet 0.035426 0.014555 0.011539
    outer loop
      vertex 0.134332 -0.052921 -0.073064
      vertex 0.004962 0.110149 0.118434
      vertex 0.080966 -0.074846 0.118434
    endloop
  endfacet
  facet -0.005977 0.014548 -0.000000
    outer loop
      vertex 0.064685 -0.081535 -0.095749
      vertex 0.011319 -0.103460 0.095749
      vertex 0.080966 -0.074846 0.118434
    endloop
  endfacet
  facet 0.005977 -0.014548 0.000000
    outer loop
      vertex 0.064685 -0.081535 -0.095749
      vertex 0.080966 -0.074846 0.118434
      vertex 0.011319 -0.103460 0.095749
    endloop
  endfacet
  facet 0.005977 -0.014548 0.000000
    outer loop
      vertex 0.064685 -0.081535 -0.095749
      vertex 0.134332 -0.052921 -0.073064
      vertex 0.080966 -0.074846 0.118434
    endloop
  endfacet
  facet -0.005977 0.014548 -0.000000
    outer loop
      vertex 0.064685 -0.081535 -0.095749
      vertex 0.080966 -0.074846 0.118434
      vertex 0.134332 -0.052921 -0.073064
    endloop
  endfacet
  facet 0.034360 0.016370 0.012305
    outer loop
      vertex 0.140430 -0.048432 -0.072466
      vertex 0.054407 0.132123 -0.072466
      vertex -0.001136 0.105660 0.117836
    endloop
  endfacet
  facet -0.034360 -0.016370 -0.012305
    outer loop
      vertex 0.140430 -0.048432 -0.072466
      vertex -0.001136 0.105660 0.117836
      vertex 0.054407 0.132123 -0.072466
    endloop
  endfacet
  facet -0.034360 -0.016370 -0.012305
    outer loop
      vertex 0.140430 -0.048432 -0.072466
      vertex 0.084887 -0.074895 0.117836
      vertex -0.001136 0.105660 0.117836
    endloop
  endfacet
  facet 0.034360 0.016370 0.012305
    outer loop
      vertex 0.140430 -0.048432 -0.072466
      vertex -0.001136 0.105660 0.117836
      vertex 0.084887 -0.074895 0.117836
    endloop
  endfacet
  facet -0.007527 0.015798 -0.000000
    outer loop
      vertex 0.054407 0.132123 -0.072466
      vertex -0.001136 0.105660 0.117836
      vertex 0.074024 0.141469 0.144752
    endloop
  endfacet
  facet 0.007527 -0.015798 0.000000
    outer loop
      vertex 0.054407 0.132123 -0.072466
      vertex 0.074024 0.141469 0.144752
      vertex -0.001136 0.105660 0.117836
    endloop
  endfacet
  facet 0.007527 -0.015798 0.000000
    outer loop
      vertex 0.054407 0.132123 -0.072466
      vertex 0.129567 0.167931 -0.045549
      vertex 0.074024 0.141469 0.144752
    endloop
  endfacet
  facet -0.007527 0.015798 -0.000000
    outer loop
      vertex 0.054407 0.132123 -0.072466
      vertex 0.074024 0.141469 0.144752
      vertex 0.129567 0.167931 -0.045549
    endloop
  endfacet
  facet 0.004860 0.002315 -0.016651
    outer loop
      vertex 0.084887 -0.074895 0.117836
      vertex -0.001136 0.105660 0.117836
      vertex 0.074024 0.141469 0.144752
    endloop
  endfacet
  facet -0.004860 -0.002315 0.016651
    outer loop
      vertex 0.084887 -0.074895 0.117836
      vertex 0.074024 0.141469 0.144752
      vertex -0.001136 0.105660 0.117836
    endloop
  endfacet
  facet -0.004860 -0.002315 0.016651
    outer loop
      vertex 0.084887 -0.074895 0.117836
      vertex 0.160047 -0.039086 0.144752
      vertex 0.074024 0.141469 0.144752
    endloop
  endfacet
  facet 0.004860 0.002315 -0.016651
    outer loop
      vertex 0.084887 -0.074895 0.117836
      vertex 0.074024 0.141469 0.144752
      vertex 0.160047 -0.039086 0.144752
    endloop
  endfacet
  facet 0.004860 0.002315 -0.016651
    outer loop
      vertex 0.140430 -0.048432 -0.072466
      vertex 0.054407 0.132123 -0.072466
      vertex 0.129567 0.167931 -0.045549
    endloop
  endfacet
  facet -0.004860 -0.002315 0.016651
    outer loop
      vertex 0.140430 -0.048432 -0.072466
      vertex 0.129567 0.167931 -0.045549
      vertex 0.054407 0.132123 -0.072466
    endloop
  endfacet
  facet -0.004860 -0.002315 0.016651
    outer loop
      vertex 0.140430 -0.048432 -0.072466
      vertex 0.215590 -0.012624 -0.045549
      vertex 0.129567 0.167931 -0.045549
    endloop
  endfacet
  facet 0.004860 0.002315 -0.016651
    outer loop
      vertex 0.140430 -0.048432 -0.072466
      vertex 0.129567 0.167931 -0.045549
      vertex 0.215590 -0.012624 -0.045549
    endloop
  endfacet
  facet 0.034360 0.016370 0.012305
    outer loop
      vertex 0.215590 -0.012624 -0.045549
      vertex 0.129567 0.167931 -0.045549
      vertex 0.074024 0.141469 0.144752
    endloop
  endfacet
  facet -0.034360 -0.016370 -0.012305
    outer loop
      vertex 0.215590 -0.012624 -0.045549
      vertex 0.074024 0.141469 0.144752
      vertex 0.129567 0.167931 -0.045549
    endloop
  endfacet
  facet -0.034360 -0.016370 -0.012305
    outer loop
      vertex 0.215590 -0.012624 -0.045549
      vertex 0.160047 -0.039086 0.144752
      vertex 0.074024 0.141469 0.144752
    endloop
  endfacet
  facet 0.034360 0.016370 0.012305
    outer loop
      vertex 0.215590 -0.012624 -0.045549
      vertex 0.074024 0.141469 0.144752
      vertex 0.160047 -0.039086 0.144752
    endloop
  endfacet
  facet -0.007527 0.015798 -0.000000
    outer loop
      vertex 0.140430 -0.048432 -0.072466
      vertex 0.084887 -0.074895 0.117836
      vertex 0.160047 -0.039086 0.144752
    endloop
  endfacet
  facet 0.007527 -0.015798 0.000000
    outer loop
      vertex 0.140430 -0.048432 -0.072466
      vertex 0.160047 -0.039086 0.144752
      vertex 0.084887 -0.074895 0.117836
    endloop
  endfacet
  facet 0.007527 -0.015798 0.000000
    outer loop
      vertex 0.140430 -0.048432 -0.072466
      vertex 0.215590 -0.012624 -0.045549
      vertex 0.160047 -0.039086 0.144752
    endloop
  endfacet
  facet -0.007527 0.015798 -0.000000
    outer loop
      vertex 0.140430 -0.048432 -0.072466
      vertex 0.160047 -0.039086 0.144752
      vertex 0.215590 -0.012624 -0.045549
    endloop
  endfacet
  facet 0.033910 0.017024 0.012661
    outer loop
      vertex 0.217962 -0.010745 -0.045257
      vertex 0.128229 0.167994 -0.045257
      vertex 0.071651 0.139590 0.144459
    endloop
  endfacet
  facet -0.033910 -0.017024 -0.012661
    outer loop
      vertex 0.217962 -0.010745 -0.045257
      vertex 0.071651 0.139590 0.144459
      vertex 0.128229 0.167994 -0.045257
    endloop
  endfacet
  facet -0.033910 -0.017024 -0.012661
    outer loop
      vertex 0.217962 -0.010745 -0.045257
      vertex 0.161385 -0.039149 0.144459
      vertex 0.071651 0.139590 0.144459
    endloop
  endfacet
  facet 0.033910 0.017024 0.012661
    outer loop
      vertex 0.217962 -0.010745 -0.045257
      vertex 0.071651 0.139590 0.144459
      vertex 0.161385 -0.039149 0.144459
    endloop
  endfacet
  facet -0.008994 0.017915 -0.000000
    outer loop
      vertex 0.128229 0.167994 -0.045257
      vertex 0.071651 0.139590 0.144459
      vertex 0.156619 0.182247 0.176185
    endloop
  endfacet
  facet 0.008994 -0.017915 0.000000
    outer loop
      vertex 0.128229 0.167994 -0.045257
      vertex 0.156619 0.182247 0.176185
      vertex 0.071651 0.139590 0.144459
    endloop
  endfacet
  facet 0.008994 -0.017915 0.000000
    outer loop
      vertex 0.128229 0.167994 -0.045257
      vertex 0.213196 0.210651 -0.013531
      vertex 0.156619 0.182247 0.176185
    endloop
  endfacet
  facet -0.008994 0.017915 -0.000000
    outer loop
      vertex 0.128229 0.167994 -0.045257
      vertex 0.156619 0.182247 0.176185
      vertex 0.213196 0.210651 -0.013531
    endloop
  endfacet
  facet 0.005671 0.002847 -0.019015
    outer loop
      vertex 0.161385 -0.039149 0.144459
      vertex 0.071651 0.139590 0.144459
      vertex 0.156619 0.182247 0.176185
    endloop
  endfacet
  facet -0.005671 -0.002847 0.019015
    outer loop
      vertex 0.161385 -0.039149 0.144459
      vertex 0.156619 0.182247 0.176185
      vertex 0.071651 0.139590 0.144459
    endloop
  endfacet
  facet -0.005671 -0.002847 0.019015
    outer loop
      vertex 0.161385 -0.039149 0.144459
      vertex 0.246353 0.003508 0.176185
      vertex 0.156619 0.182247 0.176185
    endloop
  endfacet
  facet 0.005671 0.002847 -0.019015
    outer loop
      vertex 0.161385 -0.039149 0.144459
      vertex 0.156619 0.182247 0.176185
      vertex 0.246353 0.003508 0.176185
    endloop
  endfacet
  facet 0.005671 0.002847 -0.019015
    outer loop
      vertex 0.217962 -0.010745 -0.045257
      vertex 0.128229 0.167994 -0.045257
      vertex 0.213196 0.210651 -0.013531
    endloop
  endfacet
  facet -0.005671 -0.002847 0.019015
    outer loop
      vertex 0.217962 -0.010745 -0.045257
      vertex 0.213196 0.210651 -0.013531
      vertex 0.128229 0.167994 -0.045257
    endloop
  endfacet
  facet -0.005671 -0.002847 0.019015
    outer loop
      vertex 0.217962 -0.010745 -0.045257
      vertex 0.302930 0.031912 -0.013531
      vertex 0.213196 0.210651 -0.013531
    endloop
  endfacet
  facet 0.005671 0.002847 -0.019015
    outer loop
      vertex 0.217962 -0.010745 -0.045257
      vertex 0.213196 0.210651 -0.013531
      vertex 0.302930 0.031912 -0.013531
    endloop
  endfacet
  facet 0.033910 0.017024 0.012661
    outer loop
      vertex 0.302930 0.031912 -0.013531
      vertex 0.213196 0.210651 -0.013531
      vertex 0.156619 0.182247 0.176185
    endloop
  endfacet
  facet -0.033910 -0.017024 -0.012661
    outer loop
      vertex 0.302930 0.031912 -0.013531
      vertex 0.156619 0.182247 0.176185
      vertex 0.213196 0.210651 -0.013531
    endloop
  endfacet
  facet -0.033910 -0.017024 -0.012661
    outer loop
      vertex 0.302930 0.031912 -0.013531
      vertex 0.246353 0.003508 0.176185
      vertex 0.156619 0.182247 0.176185
    endloop
  endfacet
  facet 0.033910 0.017024 0.012661
    outer loop
      vertex 0.302930 0.031912 -0.013531
      vertex 0.156619 0.182247 0.176185
      vertex 0.246353 0.003508 0.176185
    endloop
  endfacet
  facet -0.008994 0.017915 0.000000
    outer loop
      vertex 0.217962 -0.010745 -0.045257
      vertex 0.161385 -0.039149 0.144459
      vertex 0.246353 0.003508 0.176185
    endloop
  endfacet
  facet 0.008994 -0.017915 -0.000000
    outer loop
      vertex 0.217962 -0.010745 -0.045257
      vertex 0.246353 0.003508 0.176185
      vertex 0.161385 -0.039149 0.144459
    endloop
  endfacet
  facet 0.008994 -0.017915 -0.000000
    outer loop
      vertex 0.217962 -0.010745 -0.045257
      vertex 0.302930 0.031912 -0.013531
      vertex 0.246353 0.003508 0.176185
    endloop
  endfacet
  facet -0.008994 0.017915 0.000000
    outer loop
      vertex 0.217962 -0.010745 -0.045257
      vertex 0.246353 0.003508 0.176185
      vertex 0.302930 0.031912 -0.013531
    endloop
  endfacet
  facet 0.033087 0.017156 0.014523
    outer loop
      vertex 0.308037 0.035016 -0.011849
      vertex 0.215977 0.212568 -0.011849
      vertex 0.151512 0.179143 0.174503
    endloop
  endfacet
  facet -0.033087 -0.017156 -0.014523
    outer loop
      vertex 0.308037 0.035016 -0.011849
      vertex 0.151512 0.179143 0.174503
      vertex 0.215977 0.212568 -0.011849
    endloop
  endfacet
  facet -0.033087 -0.017156 -0.014523
    outer loop
      vertex 0.308037 0.035016 -0.011849
      vertex 0.243573 0.001591 0.174503
      vertex 0.151512 0.179143 0.174503
    endloop
  endfacet
  facet 0.033087 0.017156 0.014523
    outer loop
      vertex 0.308037 0.035016 -0.011849
      vertex 0.151512 0.179143 0.174503
      vertex 0.243573 0.001591 0.174503
    endloop
  endfacet
  facet -0.009893 0.019080 0.000000
    outer loop
      vertex 0.215977 0.212568 -0.011849
      vertex 0.151512 0.179143 0.174503
      vertex 0.240401 0.225232 0.213519
    endloop
  endfacet
  facet 0.009893 -0.019080 -0.000000
    outer loop
      vertex 0.215977 0.212568 -0.011849
      vertex 0.240401 0.225232 0.213519
      vertex 0.151512 0.179143 0.174503
    endloop
  endfacet
  facet 0.009893 -0.019080 -0.000000
    outer loop
      vertex 0.215977 0.212568 -0.011849
      vertex 0.304866 0.258657 0.027167
      vertex 0.240401 0.225232 0.213519
    endloop
  endfacet
  facet -0.009893 0.019080 0.000000
    outer loop
      vertex 0.215977 0.212568 -0.011849
      vertex 0.240401 0.225232 0.213519
      vertex 0.304866 0.258657 0.027167
    endloop
  endfacet
  facet 0.006927 0.003592 -0.020025
    outer loop
      vertex 0.243573 0.001591 0.174503
      vertex 0.151512 0.179143 0.174503
      vertex 0.240401 0.225232 0.213519
    endloop
  endfacet
  facet -0.006927 -0.003592 0.020025
    outer loop
      vertex 0.243573 0.001591 0.174503
      vertex 0.240401 0.225232 0.213519
      vertex 0.151512 0.179143 0.174503
    endloop
  endfacet
  facet -0.006927 -0.003592 0.020025
    outer loop
      vertex 0.243573 0.001591 0.174503
      vertex 0.332461 0.047680 0.213519
      vertex 0.240401 0.225232 0.213519
    endloop
  endfacet
  facet 0.006927 0.003592 -0.020025
    outer loop
      vertex 0.243573 0.001591 0.174503
      vertex 0.240401 0.225232 0.213519
      vertex 0.332461 0.047680 0.213519
    endloop
  endfacet
  facet 0.006927 0.003592 -0.020025
    outer loop
      vertex 0.308037 0.035016 -0.011849
      vertex 0.215977 0.212568 -0.011849
      vertex 0.304866 0.258657 0.027167
    endloop
  endfacet
  facet -0.006927 -0.003592 0.020025
    outer loop
      vertex 0.308037 0.035016 -0.011849
      vertex 0.304866 0.258657 0.027167
      vertex 0.215977 0.212568 -0.011849
    endloop
  endfacet
  facet -0.006927 -0.003592 0.020025
    outer loop
      vertex 0.308037 0.035016 -0.011849
      vertex 0.396926 0.081104 0.027167
      vertex 0.304866 0.258657 0.027167
    endloop
  endfacet
  facet 0.006927 0.003592 -0.020025
    outer loop
      vertex 0.308037 0.035016 -0.011849
      vertex 0.304866 0.258657 0.027167
      vertex 0.396926 0.081104 0.027167
    endloop
  endfacet
  facet 0.033087 0.017156 0.014523
    outer loop
      vertex 0.396926 0.081104 0.027167
      vertex 0.304866 0.258657 0.027167
      vertex 0.240401 0.225232 0.213519
    endloop
  endfacet
  facet -0.033087 -0.017156 -0.014523
    outer loop
      vertex 0.396926 0.081104 0.027167
      vertex 0.240401 0.225232 0.213519
      vertex 0.304866 0.258657 0.027167
    endloop
  endfacet
  facet -0.033087 -0.017156 -0.014523
    outer loop
      vertex 0.396926 0.081104 0.027167
      vertex 0.332461 0.047680 0.213519
      vertex 0.240401 0.225232 0.213519
    endloop
  endfacet
  facet 0.033087 0.017156 0.014523
    outer loop
      vertex 0.396926 0.081104 0.027167
      vertex 0.240401 0.225232 0.213519
      vertex 0.332461 0.047680 0.213519
    endloop
  endfacet
  facet -0.009893 0.019080 0.000000
    outer loop
      vertex 0.308037 0.035016 -0.011849
      vertex 0.243573 0.001591 0.174503
      vertex 0.332461 0.047680 0.213519
    endloop
  endfacet
  facet 0.009893 -0.019080 -0.000000
    outer loop
      vertex 0.308037 0.035016 -0.011849
      vertex 0.332461 0.047680 0.213519
      vertex 0.243573 0.001591 0.174503
    endloop
  endfacet
  facet 0.009893 -0.019080 -0.000000
    outer loop
      vertex 0.308037 0.035016 -0.011849
      vertex 0.396926 0.081104 0.027167
      vertex 0.332461 0.047680 0.213519
    endloop
  endfacet
  facet -0.009893 0.019080 0.000000
    outer loop
      vertex 0.308037 0.035016 -0.011849
      vertex 0.332461 0.047680 0.213519
      vertex 0.396926 0.081104 0.027167
    endloop
  endfacet
  facet 0.033070 0.016552 0.015244
    outer loop
      vertex 0.397502 0.080802 0.027890
      vertex 0.307985 0.259650 0.027890
      vertex 0.239825 0.225535 0.212796
    endloop
  endfacet
  facet -0.033070 -0.016552 -0.015244
    outer loop
      vertex 0.397502 0.080802 0.027890
      vertex 0.239825 0.225535 0.212796
      vertex 0.307985 0.259650 0.027890
    endloop
  endfacet
  facet -0.033070 -0.016552 -0.015244
    outer loop
      vertex 0.397502 0.080802 0.027890
      vertex 0.329342 0.046686 0.212796
      vertex 0.239825 0.225535 0.212796
    endloop
  endfacet
  facet 0.033070 0.016552 0.015244
    outer loop
      vertex 0.397502 0.080802 0.027890
      vertex 0.239825 0.225535 0.212796
      vertex 0.329342 0.046686 0.212796
    endloop
  endfacet
  facet -0.010099 0.020178 0.000000
    outer loop
      vertex 0.307985 0.259650 0.027890
      vertex 0.239825 0.225535 0.212796
      vertex 0.333100 0.272220 0.255792
    endloop
  endfacet
  facet 0.010099 -0.020178 -0.000000
    outer loop
      vertex 0.307985 0.259650 0.027890
      vertex 0.333100 0.272220 0.255792
      vertex 0.239825 0.225535 0.212796
    endloop
  endfacet
  facet 0.010099 -0.020178 -0.000000
    outer loop
      vertex 0.307985 0.259650 0.027890
      vertex 0.401260 0.306336 0.070886
      vertex 0.333100 0.272220 0.255792
    endloop
  endfacet
  facet -0.010099 0.020178 0.000000
    outer loop
      vertex 0.307985 0.259650 0.027890
      vertex 0.333100 0.272220 0.255792
      vertex 0.401260 0.306336 0.070886
    endloop
  endfacet
  facet 0.007690 0.003849 -0.020861
    outer loop
      vertex 0.329342 0.046686 0.212796
      vertex 0.239825 0.225535 0.212796
      vertex 0.333100 0.272220 0.255792
    endloop
  endfacet
  facet -0.007690 -0.003849 0.020861
    outer loop
      vertex 0.329342 0.046686 0.212796
      vertex 0.333100 0.272220 0.255792
      vertex 0.239825 0.225535 0.212796
    endloop
  endfacet
  facet -0.007690 -0.003849 0.020861
    outer loop
      vertex 0.329342 0.046686 0.212796
      vertex 0.422616 0.093372 0.255792
      vertex 0.333100 0.272220 0.255792
    endloop
  endfacet
  facet 0.007690 0.003849 -0.020861
    outer loop
      vertex 0.329342 0.046686 0.212796
      vertex 0.333100 0.272220 0.255792
      vertex 0.422616 0.093372 0.255792
    endloop
  endfacet
  facet 0.007690 0.003849 -0.020861
    outer loop
      vertex 0.397502 0.080802 0.027890
      vertex 0.307985 0.259650 0.027890
      vertex 0.401260 0.306336 0.070886
    endloop
  endfacet
  facet -0.007690 -0.003849 0.020861
    outer loop
      vertex 0.397502 0.080802 0.027890
      vertex 0.401260 0.306336 0.070886
      vertex 0.307985 0.259650 0.027890
    endloop
  endfacet
  facet -0.007690 -0.003849 0.020861
    outer loop
      vertex 0.397502 0.080802 0.027890
      vertex 0.490777 0.127487 0.070886
      vertex 0.401260 0.306336 0.070886
    endloop
  endfacet
  facet 0.007690 0.003849 -0.020861
    outer loop
      vertex 0.397502 0.080802 0.027890
      vertex 0.401260 0.306336 0.070886
      vertex 0.490777 0.127487 0.070886
    endloop
  endfacet
  facet 0.033070 0.016552 0.015244
    outer loop
      vertex 0.490777 0.127487 0.070886
      vertex 0.401260 0.306336 0.070886
      vertex 0.333100 0.272220 0.255792
    endloop
  endfacet
  facet -0.033070 -0.016552 -0.015244
    outer loop
      vertex 0.490777 0.127487 0.070886
      vertex 0.333100 0.272220 0.255792
      vertex 0.401260 0.306336 0.070886
    endloop
  endfacet
  facet -0.033070 -0.016552 -0.015244
    outer loop
      vertex 0.490777 0.127487 0.070886
      vertex 0.422616 0.093372 0.255792
      vertex 0.333100 0.272220 0.255792
    endloop
  endfacet
  facet 0.033070 0.016552 0.015244
    outer loop
      vertex 0.490777 0.127487 0.070886
      vertex 0.333100 0.272220 0.255792
      vertex 0.422616 0.093372 0.255792
    endloop
  endfacet
  facet -0.010099 0.020178 -0.000000
    outer loop
      vertex 0.397502 0.080802 0.027890
      vertex 0.329342 0.046686 0.212796
      vertex 0.422616 0.093372 0.255792
    endloop
  endfacet
  facet 0.010099 -0.020178 0.000000
    outer loop
      vertex 0.397502 0.080802 0.027890
      vertex 0.422616 0.093372 0.255792
      vertex 0.329342 0.046686 0.212796
    endloop
  endfacet
  facet 0.010099 -0.020178 0.000000
    outer loop
      vertex 0.397502 0.080802 0.027890
      vertex 0.490777 0.127487 0.070886
      vertex 0.422616 0.093372 0.255792
    endloop
  endfacet
  facet -0.010099 0.020178 -0.000000
    outer loop
      vertex 0.397502 0.080802 0.027890
      vertex 0.422616 0.093372 0.255792
      vertex 0.490777 0.127487 0.070886
    endloop
  endfacet
  facet 0.033450 0.016121 0.014872
    outer loop
      vertex 0.488847 0.125912 0.070508
      vertex 0.402016 0.306079 0.070508
      vertex 0.335029 0.273795 0.256171
    endloop
  endfacet
  facet -0.033450 -0.016121 -0.014872
    outer loop
      vertex 0.488847 0.125912 0.070508
      vertex 0.335029 0.273795 0.256171
      vertex 0.402016 0.306079 0.070508
    endloop
  endfacet
  facet -0.033450 -0.016121 -0.014872
    outer loop
      vertex 0.488847 0.125912 0.070508
      vertex 0.421861 0.093628 0.256171
      vertex 0.335029 0.273795 0.256171
    endloop
  endfacet
  facet 0.033450 0.016121 0.014872
    outer loop
      vertex 0.488847 0.125912 0.070508
      vertex 0.335029 0.273795 0.256171
      vertex 0.421861 0.093628 0.256171
    endloop
  endfacet
  facet -0.010451 0.021685 -0.000000
    outer loop
      vertex 0.402016 0.306079 0.070508
      vertex 0.335029 0.273795 0.256171
      vertex 0.435684 0.322306 0.300922
    endloop
  endfacet
  facet 0.010451 -0.021685 0.000000
    outer loop
      vertex 0.402016 0.306079 0.070508
      vertex 0.435684 0.322306 0.300922
      vertex 0.335029 0.273795 0.256171
    endloop
  endfacet
  facet 0.010451 -0.021685 -0.000000
    outer loop
      vertex 0.402016 0.306079 0.070508
      vertex 0.502670 0.354590 0.115259
      vertex 0.435684 0.322306 0.300922
    endloop
  endfacet
  facet -0.010451 0.021685 0.000000
    outer loop
      vertex 0.402016 0.306079 0.070508
      vertex 0.435684 0.322306 0.300922
      vertex 0.502670 0.354590 0.115259
    endloop
  endfacet
  facet 0.008063 0.003886 -0.022347
    outer loop
      vertex 0.421861 0.093628 0.256171
      vertex 0.335029 0.273795 0.256171
      vertex 0.435684 0.322306 0.300922
    endloop
  endfacet
  facet -0.008063 -0.003886 0.022347
    outer loop
      vertex 0.421861 0.093628 0.256171
      vertex 0.435684 0.322306 0.300922
      vertex 0.335029 0.273795 0.256171
    endloop
  endfacet
  facet -0.008063 -0.003886 0.022347
    outer loop
      vertex 0.421861 0.093628 0.256171
      vertex 0.522515 0.142138 0.300922
      vertex 0.435684 0.322306 0.300922
    endloop
  endfacet
  facet 0.008063 0.003886 -0.022347
    outer loop
      vertex 0.421861 0.093628 0.256171
      vertex 0.435684 0.322306 0.300922
      vertex 0.522515 0.142138 0.300922
    endloop
  endfacet
  facet 0.008063 0.003886 -0.022347
    outer loop
      vertex 0.488847 0.125912 0.070508
      vertex 0.402016 0.306079 0.070508
      vertex 0.502670 0.354590 0.115259
    endloop
  endfacet
  facet -0.008063 -0.003886 0.022347
    outer loop
      vertex 0.488847 0.125912 0.070508
      vertex 0.502670 0.354590 0.115259
      vertex 0.402016 0.306079 0.070508
    endloop
  endfacet
  facet -0.008063 -0.003886 0.022347
    outer loop
      vertex 0.488847 0.125912 0.070508
      vertex 0.589502 0.174422 0.115259
      vertex 0.502670 0.354590 0.115259
    endloop
  endfacet
  facet 0.008063 0.003886 -0.022347
    outer loop
      vertex 0.488847 0.125912 0.070508
      vertex 0.502670 0.354590 0.115259
      vertex 0.589502 0.174422 0.115259
    endloop
  endfacet
  facet 0.033450 0.016121 0.014872
    outer loop
      vertex 0.589502 0.174422 0.115259
      vertex 0.502670 0.354590 0.115259
      vertex 0.435684 0.322306 0.300922
    endloop
  endfacet
  facet -0.033450 -0.016121 -0.014872
    outer loop
      vertex 0.589502 0.174422 0.115259
      vertex 0.435684 0.322306 0.300922
      vertex 0.502670 0.354590 0.115259
    endloop
  endfacet
  facet -0.033450 -0.016121 -0.014872
    outer loop
      vertex 0.589502 0.174422 0.115259
      vertex 0.522515 0.142138 0.300922
      vertex 0.435684 0.322306 0.300922
    endloop
  endfacet
  facet 0.033450 0.016121 0.014872
    outer loop
      vertex 0.589502 0.174422 0.115259
      vertex 0.435684 0.322306 0.300922
      vertex 0.522515 0.142138 0.300922
    endloop
  endfacet
  facet -0.010451 0.021685 -0.000000
    outer loop
      vertex 0.488847 0.125912 0.070508
      vertex 0.421861 0.093628 0.256171
      vertex 0.522515 0.142138 0.300922
    endloop
  endfacet
  facet 0.010451 -0.021685 0.000000
    outer loop
      vertex 0.488847 0.125912 0.070508
      vertex 0.522515 0.142138 0.300922
      vertex 0.421861 0.093628 0.256171
    endloop
  endfacet
  facet 0.010451 -0.021685 0.000000
    outer loop
      vertex 0.488847 0.125912 0.070508
      vertex 0.589502 0.174422 0.115259
      vertex 0.522515 0.142138 0.300922
    endloop
  endfacet
  facet -0.010451 0.021685 -0.000000
    outer loop
      vertex 0.488847 0.125912 0.070508
      vertex 0.522515 0.142138 0.300922
      vertex 0.589502 0.174422 0.115259
    endloop
  endfacet
  facet 0.032764 0.016643 0.015797
    outer loop
      vertex 0.593092 0.177093 0.116220
      vertex 0.502516 0.355407 0.116220
      vertex 0.432093 0.319635 0.299961
    endloop
  endfacet
  facet -0.032764 -0.016643 -0.015797
    outer loop
      vertex 0.593092 0.177093 0.116220
      vertex 0.432093 0.319635 0.299961
      vertex 0.502516 0.355407 0.116220
    endloop
  endfacet
  facet -0.032764 -0.016643 -0.015797
    outer loop
      vertex 0.593092 0.177093 0.116220
      vertex 0.522670 0.141321 0.299961
      vertex 0.432093 0.319635 0.299961
    endloop
  endfacet
  facet 0.032764 0.016643 0.015797
    outer loop
      vertex 0.593092 0.177093 0.116220
      vertex 0.432093 0.319635 0.299961
      vertex 0.522670 0.141321 0.299961
    endloop
  endfacet
  facet -0.011718 0.023069 -0.000000
    outer loop
      vertex 0.502516 0.355407 0.116220
      vertex 0.432093 0.319635 0.299961
      vertex 0.538063 0.373464 0.351056
    endloop
  endfacet
  facet 0.011718 -0.023069 0.000000
    outer loop
      vertex 0.502516 0.355407 0.116220
      vertex 0.538063 0.373464 0.351056
      vertex 0.432093 0.319635 0.299961
    endloop
  endfacet
  facet 0.011718 -0.023069 -0.000000
    outer loop
      vertex 0.502516 0.355407 0.116220
      vertex 0.608486 0.409236 0.167315
      vertex 0.538063 0.373464 0.351056
    endloop
  endfacet
  facet -0.011718 0.023069 0.000000
    outer loop
      vertex 0.502516 0.355407 0.116220
      vertex 0.538063 0.373464 0.351056
      vertex 0.608486 0.409236 0.167315
    endloop
  endfacet
  facet 0.009111 0.004628 -0.023772
    outer loop
      vertex 0.522670 0.141321 0.299961
      vertex 0.432093 0.319635 0.299961
      vertex 0.538063 0.373464 0.351056
    endloop
  endfacet
  facet -0.009111 -0.004628 0.023772
    outer loop
      vertex 0.522670 0.141321 0.299961
      vertex 0.538063 0.373464 0.351056
      vertex 0.432093 0.319635 0.299961
    endloop
  endfacet
  facet -0.009111 -0.004628 0.023772
    outer loop
      vertex 0.522670 0.141321 0.299961
      vertex 0.628640 0.195150 0.351056
      vertex 0.538063 0.373464 0.351056
    endloop
  endfacet
  facet 0.009111 0.004628 -0.023772
    outer loop
      vertex 0.522670 0.141321 0.299961
      vertex 0.538063 0.373464 0.351056
      vertex 0.628640 0.195150 0.351056
    endloop
  endfacet
  facet 0.009111 0.004628 -0.023772
    outer loop
      vertex 0.593092 0.177093 0.116220
      vertex 0.502516 0.355407 0.116220
      vertex 0.608486 0.409236 0.167315
    endloop
  endfacet
  facet -0.009111 -0.004628 0.023772
    outer loop
      vertex 0.593092 0.177093 0.116220
      vertex 0.608486 0.409236 0.167315
      vertex 0.502516 0.355407 0.116220
    endloop
  endfacet
  facet -0.009111 -0.004628 0.023772
    outer loop
      vertex 0.593092 0.177093 0.116220
      vertex 0.699063 0.230922 0.167315
      vertex 0.608486 0.409236 0.167315
    endloop
  endfacet
  facet 0.009111 0.004628 -0.023772
    outer loop
      vertex 0.593092 0.177093 0.116220
      vertex 0.608486 0.409236 0.167315
      vertex 0.699063 0.230922 0.167315
    endloop
  endfacet
  facet 0.032764 0.016643 0.015797
    outer loop
      vertex 0.699063 0.230922 0.167315
      vertex 0.608486 0.409236 0.167315
      vertex 0.538063 0.373464 0.351056
    endloop
  endfacet
  facet -0.032764 -0.016643 -0.015797
    outer loop
      vertex 0.699063 0.230922 0.167315
      vertex 0.538063 0.373464 0.351056
      vertex 0.608486 0.409236 0.167315
    endloop
  endfacet
  facet -0.032764 -0.016643 -0.015797
    outer loop
      vertex 0.699063 0.230922 0.167315
      vertex 0.628640 0.195150 0.351056
      vertex 0.538063 0.373464 0.351056
    endloop
  endfacet
  facet 0.032764 0.016643 0.015797
    outer loop
      vertex 0.699063 0.230922 0.167315
      vertex 0.538063 0.373464 0.351056
      vertex 0.628640 0.195150 0.351056
    endloop
  endfacet
  facet -0.011718 0.023069 0.000000
    outer loop
      vertex 0.593092 0.177093 0.116220
      vertex 0.522670 0.141321 0.299961
      vertex 0.628640 0.195150 0.351056
    endloop
  endfacet
  facet 0.011718 -0.023069 -0.000000
    outer loop
      vertex 0.593092 0.177093 0.116220
      vertex 0.628640 0.195150 0.351056
      vertex 0.522670 0.141321 0.299961
    endloop
  endfacet
  facet 0.011718 -0.023069 -0.000000
    outer loop
      vertex 0.593092 0.177093 0.116220
      vertex 0.699063 0.230922 0.167315
      vertex 0.628640 0.195150 0.351056
    endloop
  endfacet
  facet -0.011718 0.023069 0.000000
    outer loop
      vertex 0.593092 0.177093 0.116220
      vertex 0.628640 0.195150 0.351056
      vertex 0.699063 0.230922 0.167315
    endloop
  endfacet
  facet 0.032291 0.017229 0.016138
    outer loop
      vertex 0.701232 0.232958 0.167685
      vertex 0.607084 0.409412 0.167685
      vertex 0.535893 0.371428 0.350686
    endloop
  endfacet
  facet -0.032291 -0.017229 -0.016138
    outer loop
      vertex 0.701232 0.232958 0.167685
      vertex 0.535893 0.371428 0.350686
      vertex 0.607084 0.409412 0.167685
    endloop
  endfacet
  facet -0.032291 -0.017229 -0.016138
    outer loop
      vertex 0.701232 0.232958 0.167685
      vertex 0.630042 0.194974 0.350686
      vertex 0.535893 0.371428 0.350686
    endloop
  endfacet
  facet 0.032291 0.017229 0.016138
    outer loop
      vertex 0.701232 0.232958 0.167685
      vertex 0.535893 0.371428 0.350686
      vertex 0.630042 0.194974 0.350686
    endloop
  endfacet
  facet -0.013349 0.025019 0.000000
    outer loop
      vertex 0.607084 0.409412 0.167685
      vertex 0.535893 0.371428 0.350686
      vertex 0.650358 0.432501 0.407891
    endloop
  endfacet
  facet 0.013349 -0.025019 -0.000000
    outer loop
      vertex 0.607084 0.409412 0.167685
      vertex 0.650358 0.432501 0.407891
      vertex 0.535893 0.371428 0.350686
    endloop
  endfacet
  facet 0.013349 -0.025019 -0.000000
    outer loop
      vertex 0.607084 0.409412 0.167685
      vertex 0.721548 0.470485 0.224890
      vertex 0.650358 0.432501 0.407891
    endloop
  endfacet
  facet -0.013349 0.025019 0.000000
    outer loop
      vertex 0.607084 0.409412 0.167685
      vertex 0.650358 0.432501 0.407891
      vertex 0.721548 0.470485 0.224890
    endloop
  endfacet
  facet 0.010094 0.005386 -0.025948
    outer loop
      vertex 0.630042 0.194974 0.350686
      vertex 0.535893 0.371428 0.350686
      vertex 0.650358 0.432501 0.407891
    endloop
  endfacet
  facet -0.010094 -0.005386 0.025948
    outer loop
      vertex 0.630042 0.194974 0.350686
      vertex 0.650358 0.432501 0.407891
      vertex 0.535893 0.371428 0.350686
    endloop
  endfacet
  facet -0.010094 -0.005386 0.025948
    outer loop
      vertex 0.630042 0.194974 0.350686
      vertex 0.744506 0.256047 0.407891
      vertex 0.650358 0.432501 0.407891
    endloop
  endfacet
  facet 0.010094 0.005386 -0.025948
    outer loop
      vertex 0.630042 0.194974 0.350686
      vertex 0.650358 0.432501 0.407891
      vertex 0.744506 0.256047 0.407891
    endloop
  endfacet
  facet 0.010094 0.005386 -0.025948
    outer loop
      vertex 0.701232 0.232958 0.167685
      vertex 0.607084 0.409412 0.167685
      vertex 0.721548 0.470485 0.224890
    endloop
  endfacet
  facet -0.010094 -0.005386 0.025948
    outer loop
      vertex 0.701232 0.232958 0.167685
      vertex 0.721548 0.470485 0.224890
      vertex 0.607084 0.409412 0.167685
    endloop
  endfacet
  facet -0.010094 -0.005386 0.025948
    outer loop
      vertex 0.701232 0.232958 0.167685
      vertex 0.815697 0.294031 0.224890
      vertex 0.721548 0.470485 0.224890
    endloop
  endfacet
  facet 0.010094 0.005386 -0.025948
    outer loop
      vertex 0.701232 0.232958 0.167685
      vertex 0.721548 0.470485 0.224890
      vertex 0.815697 0.294031 0.224890
    endloop
  endfacet
  facet 0.032291 0.017229 0.016138
    outer loop
      vertex 0.815697 0.294031 0.224890
      vertex 0.721548 0.470485 0.224890
      vertex 0.650358 0.432501 0.407891
    endloop
  endfacet
  facet -0.032291 -0.017229 -0.016138
    outer loop
      vertex 0.815697 0.294031 0.224890
      vertex 0.650358 0.432501 0.407891
      vertex 0.721548 0.470485 0.224890
    endloop
  endfacet
  facet -0.032291 -0.017229 -0.016138
    outer loop
      vertex 0.815697 0.294031 0.224890
      vertex 0.744506 0.256047 0.407891
      vertex 0.650358 0.432501 0.407891
    endloop
  endfacet
  facet 0.032291 0.017229 0.016138
    outer loop
      vertex 0.815697 0.294031 0.224890
      vertex 0.650358 0.432501 0.407891
      vertex 0.744506 0.256047 0.407891
    endloop
  endfacet
  facet -0.013349 0.025019 0.000000
    outer loop
      vertex 0.701232 0.232958 0.167685
      vertex 0.630042 0.194974 0.350686
      vertex 0.744506 0.256047 0.407891
    endloop
  endfacet
  facet 0.013349 -0.025019 -0.000000
    outer loop
      vertex 0.701232 0.232958 0.167685
      vertex 0.744506 0.256047 0.407891
      vertex 0.630042 0.194974 0.350686
    endloop
  endfacet
  facet 0.013349 -0.025019 -0.000000
    outer loop
      vertex 0.701232 0.232958 0.167685
      vertex 0.815697 0.294031 0.224890
      vertex 0.744506 0.256047 0.407891
    endloop
  endfacet
  facet -0.013349 0.025019 0.000000
    outer loop
      vertex 0.701232 0.232958 0.167685
      vertex 0.744506 0.256047 0.407891
      vertex 0.815697 0.294031 0.224890
    endloop
  endfacet
  facet 0.032348 0.017093 0.016168
    outer loop
      vertex 0.815486 0.293736 0.224924
      vertex 0.722045 0.470566 0.224924
      vertex 0.650569 0.432796 0.407857
    endloop
  endfacet
  facet -0.032348 -0.017093 -0.016168
    outer loop
      vertex 0.815486 0.293736 0.224924
      vertex 0.650569 0.432796 0.407857
      vertex 0.722045 0.470566 0.224924
    endloop
  endfacet
  facet -0.032348 -0.017093 -0.016168
    outer loop
      vertex 0.815486 0.293736 0.224924
      vertex 0.744009 0.255966 0.407857
      vertex 0.650569 0.432796 0.407857
    endloop
  endfacet
  facet 0.032348 0.017093 0.016168
    outer loop
      vertex 0.815486 0.293736 0.224924
      vertex 0.650569 0.432796 0.407857
      vertex 0.744009 0.255966 0.407857
    endloop
  endfacet
  facet -0.014060 0.026608 -0.000000
    outer loop
      vertex 0.722045 0.470566 0.224924
      vertex 0.650569 0.432796 0.407857
      vertex 0.772258 0.497099 0.468680
    endloop
  endfacet
  facet 0.014060 -0.026608 0.000000
    outer loop
      vertex 0.722045 0.470566 0.224924
      vertex 0.772258 0.497099 0.468680
      vertex 0.650569 0.432796 0.407857
    endloop
  endfacet
  facet 0.014060 -0.026608 0.000000
    outer loop
      vertex 0.722045 0.470566 0.224924
      vertex 0.843734 0.534869 0.285747
      vertex 0.772258 0.497099 0.468680
    endloop
  endfacet
  facet -0.014060 0.026608 -0.000000
    outer loop
      vertex 0.722045 0.470566 0.224924
      vertex 0.772258 0.497099 0.468680
      vertex 0.843734 0.534869 0.285747
    endloop
  endfacet
  facet 0.010755 0.005683 -0.027527
    outer loop
      vertex 0.744009 0.255966 0.407857
      vertex 0.650569 0.432796 0.407857
      vertex 0.772258 0.497099 0.468680
    endloop
  endfacet
  facet -0.010755 -0.005683 0.027527
    outer loop
      vertex 0.744009 0.255966 0.407857
      vertex 0.772258 0.497099 0.468680
      vertex 0.650569 0.432796 0.407857
    endloop
  endfacet
  facet -0.010755 -0.005683 0.027527
    outer loop
      vertex 0.744009 0.255966 0.407857
      vertex 0.865698 0.320269 0.468680
      vertex 0.772258 0.497099 0.468680
    endloop
  endfacet
  facet 0.010755 0.005683 -0.027527
    outer loop
      vertex 0.744009 0.255966 0.407857
      vertex 0.772258 0.497099 0.468680
      vertex 0.865698 0.320269 0.468680
    endloop
  endfacet
  facet 0.010755 0.005683 -0.027527
    outer loop
