solid trajectory
  facet 0.022113 0.031236 0.011633
    outer loop
      vertex 0.098422 -0.034043 -0.095677
      vertex -0.064813 0.081518 -0.095677
      vertex -0.098422 0.034043 0.095677
    endloop
  endfacet
  facet -0.022113 -0.031236 -0.011633
    outer loop
      vertex 0.098422 -0.034043 -0.095677
      vertex -0.098422 0.034043 0.095677
      vertex -0.064813 0.081518 -0.095677
    endloop
  endfacet
  facet -0.022113 -0.031236 -0.011633
    outer loop
      vertex 0.098422 -0.034043 -0.095677
      vertex 0.064813 -0.081518 0.095677
      vertex -0.098422 0.034043 0.095677
    endloop
  endfacet
  facet 0.022113 0.031236 0.011633
    outer loop
      vertex 0.098422 -0.034043 -0.095677
      vertex -0.098422 0.034043 0.095677
      vertex 0.064813 -0.081518 0.095677
    endloop
  endfacet
  facet -0.007404 0.005242 0.000000
    outer loop
      vertex -0.064813 0.081518 -0.095677
      vertex -0.098422 0.034043 0.095677
      vertex -0.073347 0.069462 0.108869
    endloop
  endfacet
  facet 0.007404 -0.005242 -0.000000
    outer loop
      vertex -0.064813 0.081518 -0.095677
      vertex -0.073347 0.069462 0.108869
      vertex -0.098422 0.034043 0.095677
    endloop
  endfacet
  facet 0.007404 -0.005242 -0.000000
    outer loop
      vertex -0.064813 0.081518 -0.095677
      vertex -0.039738 0.116937 -0.082486
      vertex -0.073347 0.069462 0.108869
    endloop
  endfacet
  facet -0.007404 0.005242 0.000000
    outer loop
      vertex -0.064813 0.081518 -0.095677
      vertex -0.073347 0.069462 0.108869
      vertex -0.039738 0.116937 -0.082486
    endloop
  endfacet
  facet 0.001524 0.002153 -0.008679
    outer loop
      vertex 0.064813 -0.081518 0.095677
      vertex -0.098422 0.034043 0.095677
      vertex -0.073347 0.069462 0.108869
    endloop
  endfacet
  facet -0.001524 -0.002153 0.008679
    outer loop
      vertex 0.064813 -0.081518 0.095677
      vertex -0.073347 0.069462 0.108869
      vertex -0.098422 0.034043 0.095677
    endloop
  endfacet
  facet -0.001524 -0.002153 0.008679
    outer loop
      vertex 0.064813 -0.081518 0.095677
      vertex 0.089887 -0.046099 0.108869
      vertex -0.073347 0.069462 0.108869
    endloop
  endfacet
  facet 0.001524 0.002153 -0.008679
    outer loop
      vertex 0.064813 -0.081518 0.095677
      vertex -0.073347 0.069462 0.108869
      vertex 0.089887 -0.046099 0.108869
    endloop
  endfacet
  facet 0.001524 0.002153 -0.008679
    outer loop
      vertex 0.098422 -0.034043 -0.095677
      vertex -0.064813 0.081518 -0.095677
      vertex -0.039738 0.116937 -0.082486
    endloop
  endfacet
  facet -0.001524 -0.002153 0.008679
    outer loop
      vertex 0.098422 -0.034043 -0.095677
      vertex -0.039738 0.116937 -0.082486
      vertex -0.064813 0.081518 -0.095677
    endloop
  endfacet
  facet -0.001524 -0.002153 0.008679
    outer loop
      vertex 0.098422 -0.034043 -0.095677
      vertex 0.123497 0.001376 -0.082486
      vertex -0.039738 0.116937 -0.082486
    endloop
  endfacet
  facet 0.001524 0.002153 -0.008679
    outer loop
      vertex 0.098422 -0.034043 -0.095677
      vertex -0.039738 0.116937 -0.082486
      vertex 0.123497 0.001376 -0.082486
    endloop
  endfacet
  facet 0.022113 0.031236 0.011633
    outer loop
      vertex 0.123497 0.001376 -0.082486
      vertex -0.039738 0.116937 -0.082486
      vertex -0.073347 0.069462 0.108869
    endloop
  endfacet
  facet -0.022113 -0.031236 -0.011633
    outer loop
      vertex 0.123497 0.001376 -0.082486
      vertex -0.073347 0.069462 0.108869
      vertex -0.039738 0.116937 -0.082486
    endloop
  endfacet
  facet -0.022113 -0.031236 -0.011633
    outer loop
      vertex 0.123497 0.001376 -0.082486
      vertex 0.089887 -0.046099 0.108869
      vertex -0.073347 0.069462 0.108869
    endloop
  endfacet
  facet 0.022113 0.031236 0.011633
    outer loop
      vertex 0.123497 0.001376 -0.082486
      vertex -0.073347 0.069462 0.108869
      vertex 0.089887 -0.046099 0.108869
    endloop
  endfacet
  facet -0.007404 0.005242 0.000000
    outer loop
      vertex 0.098422 -0.034043 -0.095677
      vertex 0.064813 -0.081518 0.095677
      vertex 0.089887 -0.046099 0.108869
    endloop
  endfacet
  facet 0.007404 -0.005242 -0.000000
    outer loop
      vertex 0.098422 -0.034043 -0.095677
      vertex 0.089887 -0.046099 0.108869
      vertex 0.064813 -0.081518 0.095677
    endloop
  endfacet
  facet 0.007404 -0.005242 -0.000000
    outer loop
      vertex 0.098422 -0.034043 -0.095677
      vertex 0.123497 0.001376 -0.082486
      vertex 0.089887 -0.046099 0.108869
    endloop
  endfacet
  facet -0.007404 0.005242 0.000000
    outer loop
      vertex 0.098422 -0.034043 -0.095677
      vertex 0.089887 -0.046099 0.108869
      vertex 0.123497 0.001376 -0.082486
    endloop
  endfacet
  facet 0.018906 0.032666 0.013247
    outer loop
      vertex 0.128213 0.013991 -0.081166
      vertex -0.044887 0.114173 -0.081166
      vertex -0.078064 0.056847 0.107549
    endloop
  endfacet
  facet -0.018906 -0.032666 -0.013247
    outer loop
      vertex 0.128213 0.013991 -0.081166
      vertex -0.078064 0.056847 0.107549
      vertex -0.044887 0.114173 -0.081166
    endloop
  endfacet
  facet -0.018906 -0.032666 -0.013247
    outer loop
      vertex 0.128213 0.013991 -0.081166
      vertex 0.095036 -0.043335 0.107549
      vertex -0.078064 0.056847 0.107549
    endloop
  endfacet
  facet 0.018906 0.032666 0.013247
    outer loop
      vertex 0.128213 0.013991 -0.081166
      vertex -0.078064 0.056847 0.107549
      vertex 0.095036 -0.043335 0.107549
    endloop
  endfacet
  facet -0.009476 0.005484 -0.000000
    outer loop
      vertex -0.044887 0.114173 -0.081166
      vertex -0.078064 0.056847 0.107549
      vertex -0.052191 0.101552 0.125677
    endloop
  endfacet
  facet 0.009476 -0.005484 0.000000
    outer loop
      vertex -0.044887 0.114173 -0.081166
      vertex -0.052191 0.101552 0.125677
      vertex -0.078064 0.056847 0.107549
    endloop
  endfacet
  facet 0.009476 -0.005484 0.000000
    outer loop
      vertex -0.044887 0.114173 -0.081166
      vertex -0.019014 0.158878 -0.063037
      vertex -0.052191 0.101552 0.125677
    endloop
  endfacet
  facet -0.009476 0.005484 -0.000000
    outer loop
      vertex -0.044887 0.114173 -0.081166
      vertex -0.052191 0.101552 0.125677
      vertex -0.019014 0.158878 -0.063037
    endloop
  endfacet
  facet 0.001816 0.003138 -0.010330
    outer loop
      vertex 0.095036 -0.043335 0.107549
      vertex -0.078064 0.056847 0.107549
      vertex -0.052191 0.101552 0.125677
    endloop
  endfacet
  facet -0.001816 -0.003138 0.010330
    outer loop
      vertex 0.095036 -0.043335 0.107549
      vertex -0.052191 0.101552 0.125677
      vertex -0.078064 0.056847 0.107549
    endloop
  endfacet
  facet -0.001816 -0.003138 0.010330
    outer loop
      vertex 0.095036 -0.043335 0.107549
      vertex 0.120909 0.001370 0.125677
      vertex -0.052191 0.101552 0.125677
    endloop
  endfacet
  facet 0.001816 0.003138 -0.010330
    outer loop
      vertex 0.095036 -0.043335 0.107549
      vertex -0.052191 0.101552 0.125677
      vertex 0.120909 0.001370 0.125677
    endloop
  endfacet
  facet 0.001816 0.003138 -0.010330
    outer loop
      vertex 0.128213 0.013991 -0.081166
      vertex -0.044887 0.114173 -0.081166
      vertex -0.019014 0.158878 -0.063037
    endloop
  endfacet
  facet -0.001816 -0.003138 0.010330
    outer loop
      vertex 0.128213 0.013991 -0.081166
      vertex -0.019014 0.158878 -0.063037
      vertex -0.044887 0.114173 -0.081166
    endloop
  endfacet
  facet -0.001816 -0.003138 0.010330
    outer loop
      vertex 0.128213 0.013991 -0.081166
      vertex 0.154086 0.058696 -0.063037
      vertex -0.019014 0.158878 -0.063037
    endloop
  endfacet
  facet 0.001816 0.003138 -0.010330
    outer loop
      vertex 0.128213 0.013991 -0.081166
      vertex -0.019014 0.158878 -0.063037
      vertex 0.154086 0.058696 -0.063037
    endloop
  endfacet
  facet 0.018906 0.032666 0.013247
    outer loop
      vertex 0.154086 0.058696 -0.063037
      vertex -0.019014 0.158878 -0.063037
      vertex -0.052191 0.101552 0.125677
    endloop
  endfacet
  facet -0.018906 -0.032666 -0.013247
    outer loop
      vertex 0.154086 0.058696 -0.063037
      vertex -0.052191 0.101552 0.125677
      vertex -0.019014 0.158878 -0.063037
    endloop
  endfacet
  facet -0.018906 -0.032666 -0.013247
    outer loop
      vertex 0.154086 0.058696 -0.063037
      vertex 0.120909 0.001370 0.125677
      vertex -0.052191 0.101552 0.125677
    endloop
  endfacet
  facet 0.018906 0.032666 0.013247
    outer loop
      vertex 0.154086 0.058696 -0.063037
      vertex -0.052191 0.101552 0.125677
      vertex 0.120909 0.001370 0.125677
    endloop
  endfacet
  facet -0.009476 0.005484 0.000000
    outer loop
      vertex 0.128213 0.013991 -0.081166
      vertex 0.095036 -0.043335 0.107549
      vertex 0.120909 0.001370 0.125677
    endloop
  endfacet
  facet 0.009476 -0.005484 -0.000000
    outer loop
      vertex 0.128213 0.013991 -0.081166
      vertex 0.120909 0.001370 0.125677
      vertex 0.095036 -0.043335 0.107549
    endloop
  endfacet
  facet 0.009476 -0.005484 -0.000000
    outer loop
      vertex 0.128213 0.013991 -0.081166
      vertex 0.154086 0.058696 -0.063037
      vertex 0.120909 0.001370 0.125677
    endloop
  endfacet
  facet -0.009476 0.005484 0.000000
    outer loop
      vertex 0.128213 0.013991 -0.081166
      vertex 0.120909 0.001370 0.125677
      vertex 0.154086 0.058696 -0.063037
    endloop
  endfacet
  facet 0.018401 0.031777 0.015862
    outer loop
      vertex 0.157357 0.064330 -0.060481
      vertex -0.015720 0.164551 -0.060481
      vertex -0.055462 0.095918 0.123122
    endloop
  endfacet
  facet -0.018401 -0.031777 -0.015862
    outer loop
      vertex 0.157357 0.064330 -0.060481
      vertex -0.055462 0.095918 0.123122
      vertex -0.015720 0.164551 -0.060481
    endloop
  endfacet
  facet -0.018401 -0.031777 -0.015862
    outer loop
      vertex 0.157357 0.064330 -0.060481
      vertex 0.117615 -0.004303 0.123122
      vertex -0.055462 0.095918 0.123122
    endloop
  endfacet
  facet 0.018401 0.031777 0.015862
    outer loop
      vertex 0.157357 0.064330 -0.060481
      vertex -0.055462 0.095918 0.123122
      vertex 0.117615 -0.004303 0.123122
    endloop
  endfacet
  facet -0.010186 0.005898 -0.000000
    outer loop
      vertex -0.015720 0.164551 -0.060481
      vertex -0.055462 0.095918 0.123122
      vertex -0.028389 0.142671 0.146459
    endloop
  endfacet
  facet 0.010186 -0.005898 0.000000
    outer loop
      vertex -0.015720 0.164551 -0.060481
      vertex -0.028389 0.142671 0.146459
      vertex -0.055462 0.095918 0.123122
    endloop
  endfacet
  facet 0.010186 -0.005898 0.000000
    outer loop
      vertex -0.015720 0.164551 -0.060481
      vertex 0.011353 0.211305 -0.037144
      vertex -0.028389 0.142671 0.146459
    endloop
  endfacet
  facet -0.010186 0.005898 -0.000000
    outer loop
      vertex -0.015720 0.164551 -0.060481
      vertex -0.028389 0.142671 0.146459
      vertex 0.011353 0.211305 -0.037144
    endloop
  endfacet
  facet 0.002339 0.004039 -0.010805
    outer loop
      vertex 0.117615 -0.004303 0.123122
      vertex -0.055462 0.095918 0.123122
      vertex -0.028389 0.142671 0.146459
    endloop
  endfacet
  facet -0.002339 -0.004039 0.010805
    outer loop
      vertex 0.117615 -0.004303 0.123122
      vertex -0.028389 0.142671 0.146459
      vertex -0.055462 0.095918 0.123122
    endloop
  endfacet
  facet -0.002339 -0.004039 0.010805
    outer loop
      vertex 0.117615 -0.004303 0.123122
      vertex 0.144688 0.042450 0.146459
      vertex -0.028389 0.142671 0.146459
    endloop
  endfacet
  facet 0.002339 0.004039 -0.010805
    outer loop
      vertex 0.117615 -0.004303 0.123122
      vertex -0.028389 0.142671 0.146459
      vertex 0.144688 0.042450 0.146459
    endloop
  endfacet
  facet 0.002339 0.004039 -0.010805
    outer loop
      vertex 0.157357 0.064330 -0.060481
      vertex -0.015720 0.164551 -0.060481
      vertex 0.011353 0.211305 -0.037144
    endloop
  endfacet
  facet -0.002339 -0.004039 0.010805
    outer loop
      vertex 0.157357 0.064330 -0.060481
      vertex 0.011353 0.211305 -0.037144
      vertex -0.015720 0.164551 -0.060481
    endloop
  endfacet
  facet -0.002339 -0.004039 0.010805
    outer loop
      vertex 0.157357 0.064330 -0.060481
      vertex 0.184430 0.111084 -0.037144
      vertex 0.011353 0.211305 -0.037144
    endloop
  endfacet
  facet 0.002339 0.004039 -0.010805
    outer loop
      vertex 0.157357 0.064330 -0.060481
      vertex 0.011353 0.211305 -0.037144
      vertex 0.184430 0.111084 -0.037144
    endloop
  endfacet
  facet 0.018401 0.031777 0.015862
    outer loop
      vertex 0.184430 0.111084 -0.037144
      vertex 0.011353 0.211305 -0.037144
      vertex -0.028389 0.142671 0.146459
    endloop
  endfacet
  facet -0.018401 -0.031777 -0.015862
    outer loop
      vertex 0.184430 0.111084 -0.037144
      vertex -0.028389 0.142671 0.146459
      vertex 0.011353 0.211305 -0.037144
    endloop
  endfacet
  facet -0.018401 -0.031777 -0.015862
    outer loop
      vertex 0.184430 0.111084 -0.037144
      vertex 0.144688 0.042450 0.146459
      vertex -0.028389 0.142671 0.146459
    endloop
  endfacet
  facet 0.018401 0.031777 0.015862
    outer loop
      vertex 0.184430 0.111084 -0.037144
      vertex -0.028389 0.142671 0.146459
      vertex 0.144688 0.042450 0.146459
    endloop
  endfacet
  facet -0.010186 0.005898 -0.000000
    outer loop
      vertex 0.157357 0.064330 -0.060481
      vertex 0.117615 -0.004303 0.123122
      vertex 0.144688 0.042450 0.146459
    endloop
  endfacet
  facet 0.010186 -0.005898 0.000000
    outer loop
      vertex 0.157357 0.064330 -0.060481
      vertex 0.144688 0.042450 0.146459
      vertex 0.117615 -0.004303 0.123122
    endloop
  endfacet
  facet 0.010186 -0.005898 0.000000
    outer loop
      vertex 0.157357 0.064330 -0.060481
      vertex 0.184430 0.111084 -0.037144
      vertex 0.144688 0.042450 0.146459
    endloop
  endfacet
  facet -0.010186 0.005898 -0.000000
    outer loop
      vertex 0.157357 0.064330 -0.060481
      vertex 0.144688 0.042450 0.146459
      vertex 0.184430 0.111084 -0.037144
    endloop
  endfacet
  facet 0.018033 0.030830 0.018009
    outer loop
      vertex 0.187070 0.115252 -0.034635
      vertex 0.014432 0.216228 -0.034635
      vertex -0.031029 0.138504 0.143950
    endloop
  endfacet
  facet -0.018033 -0.030830 -0.018009
    outer loop
      vertex 0.187070 0.115252 -0.034635
      vertex -0.031029 0.138504 0.143950
      vertex 0.014432 0.216228 -0.034635
    endloop
  endfacet
  facet -0.018033 -0.030830 -0.018009
    outer loop
      vertex 0.187070 0.115252 -0.034635
      vertex 0.141609 0.037528 0.143950
      vertex -0.031029 0.138504 0.143950
    endloop
  endfacet
  facet 0.018033 0.030830 0.018009
    outer loop
      vertex 0.187070 0.115252 -0.034635
      vertex -0.031029 0.138504 0.143950
      vertex 0.141609 0.037528 0.143950
    endloop
  endfacet
  facet -0.010986 0.006426 -0.000000
    outer loop
      vertex 0.014432 0.216228 -0.034635
      vertex -0.031029 0.138504 0.143950
      vertex -0.002339 0.187554 0.172601
    endloop
  endfacet
  facet 0.010986 -0.006426 0.000000
    outer loop
      vertex 0.014432 0.216228 -0.034635
      vertex -0.002339 0.187554 0.172601
      vertex -0.031029 0.138504 0.143950
    endloop
  endfacet
  facet 0.010986 -0.006426 0.000000
    outer loop
      vertex 0.014432 0.216228 -0.034635
      vertex 0.043121 0.265278 -0.005984
      vertex -0.002339 0.187554 0.172601
    endloop
  endfacet
  facet -0.010986 0.006426 -0.000000
    outer loop
      vertex 0.014432 0.216228 -0.034635
      vertex -0.002339 0.187554 0.172601
      vertex 0.043121 0.265278 -0.005984
    endloop
  endfacet
  facet 0.002893 0.004946 -0.011365
    outer loop
      vertex 0.141609 0.037528 0.143950
      vertex -0.031029 0.138504 0.143950
      vertex -0.002339 0.187554 0.172601
    endloop
  endfacet
  facet -0.002893 -0.004946 0.011365
    outer loop
      vertex 0.141609 0.037528 0.143950
      vertex -0.002339 0.187554 0.172601
      vertex -0.031029 0.138504 0.143950
    endloop
  endfacet
  facet -0.002893 -0.004946 0.011365
    outer loop
      vertex 0.141609 0.037528 0.143950
      vertex 0.170298 0.086578 0.172601
      vertex -0.002339 0.187554 0.172601
    endloop
  endfacet
  facet 0.002893 0.004946 -0.011365
    outer loop
      vertex 0.141609 0.037528 0.143950
      vertex -0.002339 0.187554 0.172601
      vertex 0.170298 0.086578 0.172601
    endloop
  endfacet
  facet 0.002893 0.004946 -0.011365
    outer loop
      vertex 0.187070 0.115252 -0.034635
      vertex 0.014432 0.216228 -0.034635
      vertex 0.043121 0.265278 -0.005984
    endloop
  endfacet
  facet -0.002893 -0.004946 0.011365
    outer loop
      vertex 0.187070 0.115252 -0.034635
      vertex 0.043121 0.265278 -0.005984
      vertex 0.014432 0.216228 -0.034635
    endloop
  endfacet
  facet -0.002893 -0.004946 0.011365
    outer loop
      vertex 0.187070 0.115252 -0.034635
      vertex 0.215759 0.164302 -0.005984
      vertex 0.043121 0.265278 -0.005984
    endloop
  endfacet
  facet 0.002893 0.004946 -0.011365
    outer loop
      vertex 0.187070 0.115252 -0.034635
      vertex 0.043121 0.265278 -0.005984
      vertex 0.215759 0.164302 -0.005984
    endloop
  endfacet
  facet 0.018033 0.030830 0.018009
    outer loop
      vertex 0.215759 0.164302 -0.005984
      vertex 0.043121 0.265278 -0.005984
      vertex -0.002339 0.187554 0.172601
    endloop
  endfacet
  facet -0.018033 -0.030830 -0.018009
    outer loop
      vertex 0.215759 0.164302 -0.005984
      vertex -0.002339 0.187554 0.172601
      vertex 0.043121 0.265278 -0.005984
    endloop
  endfacet
  facet -0.018033 -0.030830 -0.018009
    outer loop
      vertex 0.215759 0.164302 -0.005984
      vertex 0.170298 0.086578 0.172601
      vertex -0.002339 0.187554 0.172601
    endloop
  endfacet
  facet 0.018033 0.030830 0.018009
    outer loop
      vertex 0.215759 0.164302 -0.005984
      vertex -0.002339 0.187554 0.172601
      vertex 0.170298 0.086578 0.172601
    endloop
  endfacet
  facet -0.010986 0.006426 -0.000000
    outer loop
      vertex 0.187070 0.115252 -0.034635
      vertex 0.141609 0.037528 0.143950
      vertex 0.170298 0.086578 0.172601
    endloop
  endfacet
  facet 0.010986 -0.006426 0.000000
    outer loop
      vertex 0.187070 0.115252 -0.034635
      vertex 0.170298 0.086578 0.172601
      vertex 0.141609 0.037528 0.143950
    endloop
  endfacet
  facet 0.010986 -0.006426 -0.000000
    outer loop
      vertex 0.187070 0.115252 -0.034635
      vertex 0.215759 0.164302 -0.005984
      vertex 0.170298 0.086578 0.172601
    endloop
  endfacet
  facet -0.010986 0.006426 0.000000
    outer loop
      vertex 0.187070 0.115252 -0.034635
      vertex 0.170298 0.086578 0.172601
      vertex 0.215759 0.164302 -0.005984
    endloop
  endfacet
  facet 0.020104 0.029929 0.017324
    outer loop
      vertex 0.213870 0.156117 -0.006827
      vertex 0.047849 0.267640 -0.006827
      vertex -0.000450 0.195738 0.173444
    endloop
  endfacet
  facet -0.020104 -0.029929 -0.017324
    outer loop
      vertex 0.213870 0.156117 -0.006827
      vertex -0.000450 0.195738 0.173444
      vertex 0.047849 0.267640 -0.006827
    endloop
  endfacet
  facet -0.020104 -0.029929 -0.017324
    outer loop
      vertex 0.213870 0.156117 -0.006827
      vertex 0.165571 0.084216 0.173444
      vertex -0.000450 0.195738 0.173444
    endloop
  endfacet
  facet 0.020104 0.029929 0.017324
    outer loop
      vertex 0.213870 0.156117 -0.006827
      vertex -0.000450 0.195738 0.173444
      vertex 0.165571 0.084216 0.173444
    endloop
  endfacet
  facet -0.011796 0.007924 -0.000000
    outer loop
      vertex 0.047849 0.267640 -0.006827
      vertex -0.000450 0.195738 0.173444
      vertex 0.035262 0.248901 0.204216
    endloop
  endfacet
  facet 0.011796 -0.007924 0.000000
    outer loop
      vertex 0.047849 0.267640 -0.006827
      vertex 0.035262 0.248901 0.204216
      vertex -0.000450 0.195738 0.173444
    endloop
  endfacet
  facet 0.011796 -0.007924 0.000000
    outer loop
      vertex 0.047849 0.267640 -0.006827
      vertex 0.083561 0.320803 0.023946
      vertex 0.035262 0.248901 0.204216
    endloop
  endfacet
  facet -0.011796 0.007924 -0.000000
    outer loop
      vertex 0.047849 0.267640 -0.006827
      vertex 0.035262 0.248901 0.204216
      vertex 0.083561 0.320803 0.023946
    endloop
  endfacet
  facet 0.003432 0.005109 -0.012809
    outer loop
      vertex 0.165571 0.084216 0.173444
      vertex -0.000450 0.195738 0.173444
      vertex 0.035262 0.248901 0.204216
    endloop
  endfacet
  facet -0.003432 -0.005109 0.012809
    outer loop
      vertex 0.165571 0.084216 0.173444
      vertex 0.035262 0.248901 0.204216
      vertex -0.000450 0.195738 0.173444
    endloop
  endfacet
  facet -0.003432 -0.005109 0.012809
    outer loop
      vertex 0.165571 0.084216 0.173444
      vertex 0.201282 0.137379 0.204216
      vertex 0.035262 0.248901 0.204216
    endloop
  endfacet
  facet 0.003432 0.005109 -0.012809
    outer loop
      vertex 0.165571 0.084216 0.173444
      vertex 0.035262 0.248901 0.204216
      vertex 0.201282 0.137379 0.204216
    endloop
  endfacet
  facet 0.003432 0.005109 -0.012809
    outer loop
      vertex 0.213870 0.156117 -0.006827
      vertex 0.047849 0.267640 -0.006827
      vertex 0.083561 0.320803 0.023946
    endloop
  endfacet
  facet -0.003432 -0.005109 0.012809
    outer loop
      vertex 0.213870 0.156117 -0.006827
      vertex 0.083561 0.320803 0.023946
      vertex 0.047849 0.267640 -0.006827
    endloop
  endfacet
  facet -0.003432 -0.005109 0.012809
    outer loop
      vertex 0.213870 0.156117 -0.006827
      vertex 0.249581 0.209280 0.023946
      vertex 0.083561 0.320803 0.023946
    endloop
  endfacet
  facet 0.003432 0.005109 -0.012809
    outer loop
      vertex 0.213870 0.156117 -0.006827
      vertex 0.083561 0.320803 0.023946
      vertex 0.249581 0.209280 0.023946
    endloop
  endfacet
  facet 0.020104 0.029929 0.017324
    outer loop
      vertex 0.249581 0.209280 0.023946
      vertex 0.083561 0.320803 0.023946
      vertex 0.035262 0.248901 0.204216
    endloop
  endfacet
  facet -0.020104 -0.029929 -0.017324
    outer loop
      vertex 0.249581 0.209280 0.023946
      vertex 0.035262 0.248901 0.204216
      vertex 0.083561 0.320803 0.023946
    endloop
  endfacet
  facet -0.020104 -0.029929 -0.017324
    outer loop
      vertex 0.249581 0.209280 0.023946
      vertex 0.201282 0.137379 0.204216
      vertex 0.035262 0.248901 0.204216
    endloop
  endfacet
  facet 0.020104 0.029929 0.017324
    outer loop
      vertex 0.249581 0.209280 0.023946
      vertex 0.035262 0.248901 0.204216
      vertex 0.201282 0.137379 0.204216
    endloop
  endfacet
  facet -0.011796 0.007924 0.000000
    outer loop
      vertex 0.213870 0.156117 -0.006827
      vertex 0.165571 0.084216 0.173444
      vertex 0.201282 0.137379 0.204216
    endloop
  endfacet
  facet 0.011796 -0.007924 -0.000000
    outer loop
      vertex 0.213870 0.156117 -0.006827
      vertex 0.201282 0.137379 0.204216
      vertex 0.165571 0.084216 0.173444
    endloop
  endfacet
  facet 0.011796 -0.007924 -0.000000
    outer loop
      vertex 0.213870 0.156117 -0.006827
      vertex 0.249581 0.209280 0.023946
      vertex 0.201282 0.137379 0.204216
    endloop
  endfacet
  facet -0.011796 0.007924 0.000000
    outer loop
      vertex 0.213870 0.156117 -0.006827
      vertex 0.201282 0.137379 0.204216
      vertex 0.249581 0.209280 0.023946
    endloop
  endfacet
  facet 0.021127 0.027630 0.019755
    outer loop
      vertex 0.251858 0.207581 0.027127
      vertex 0.092982 0.329065 0.027127
      vertex 0.032985 0.250601 0.201035
    endloop
  endfacet
  facet -0.021127 -0.027630 -0.019755
    outer loop
      vertex 0.251858 0.207581 0.027127
      vertex 0.032985 0.250601 0.201035
      vertex 0.092982 0.329065 0.027127
    endloop
  endfacet
  facet -0.021127 -0.027630 -0.019755
    outer loop
      vertex 0.251858 0.207581 0.027127
      vertex 0.191862 0.129117 0.201035
      vertex 0.032985 0.250601 0.201035
    endloop
  endfacet
  facet 0.021127 0.027630 0.019755
    outer loop
      vertex 0.251858 0.207581 0.027127
      vertex 0.032985 0.250601 0.201035
      vertex 0.191862 0.129117 0.201035
    endloop
  endfacet
  facet -0.012796 0.009785 0.000000
    outer loop
      vertex 0.092982 0.329065 0.027127
      vertex 0.032985 0.250601 0.201035
      vertex 0.075525 0.306235 0.240812
    endloop
  endfacet
  facet 0.012796 -0.009785 -0.000000
    outer loop
      vertex 0.092982 0.329065 0.027127
      vertex 0.075525 0.306235 0.240812
      vertex 0.032985 0.250601 0.201035
    endloop
  endfacet
  facet 0.012796 -0.009785 -0.000000
    outer loop
      vertex 0.092982 0.329065 0.027127
      vertex 0.135522 0.384699 0.066904
      vertex 0.075525 0.306235 0.240812
    endloop
  endfacet
  facet -0.012796 0.009785 0.000000
    outer loop
      vertex 0.092982 0.329065 0.027127
      vertex 0.075525 0.306235 0.240812
      vertex 0.135522 0.384699 0.066904
    endloop
  endfacet
  facet 0.004832 0.006320 -0.014007
    outer loop
      vertex 0.191862 0.129117 0.201035
      vertex 0.032985 0.250601 0.201035
      vertex 0.075525 0.306235 0.240812
    endloop
  endfacet
  facet -0.004832 -0.006320 0.014007
    outer loop
      vertex 0.191862 0.129117 0.201035
      vertex 0.075525 0.306235 0.240812
      vertex 0.032985 0.250601 0.201035
    endloop
  endfacet
  facet -0.004832 -0.006320 0.014007
    outer loop
      vertex 0.191862 0.129117 0.201035
      vertex 0.234402 0.184751 0.240812
      vertex 0.075525 0.306235 0.240812
    endloop
  endfacet
  facet 0.004832 0.006320 -0.014007
    outer loop
      vertex 0.191862 0.129117 0.201035
      vertex 0.075525 0.306235 0.240812
      vertex 0.234402 0.184751 0.240812
    endloop
  endfacet
  facet 0.004832 0.006320 -0.014007
    outer loop
      vertex 0.251858 0.207581 0.027127
      vertex 0.092982 0.329065 0.027127
      vertex 0.135522 0.384699 0.066904
    endloop
  endfacet
  facet -0.004832 -0.006320 0.014007
    outer loop
      vertex 0.251858 0.207581 0.027127
      vertex 0.135522 0.384699 0.066904
      vertex 0.092982 0.329065 0.027127
    endloop
  endfacet
  facet -0.004832 -0.006320 0.014007
    outer loop
      vertex 0.251858 0.207581 0.027127
      vertex 0.294398 0.263215 0.066904
      vertex 0.135522 0.384699 0.066904
    endloop
  endfacet
  facet 0.004832 0.006320 -0.014007
    outer loop
      vertex 0.251858 0.207581 0.027127
      vertex 0.135522 0.384699 0.066904
      vertex 0.294398 0.263215 0.066904
    endloop
  endfacet
  facet 0.021127 0.027630 0.019755
    outer loop
      vertex 0.294398 0.263215 0.066904
      vertex 0.135522 0.384699 0.066904
      vertex 0.075525 0.306235 0.240812
    endloop
  endfacet
  facet -0.021127 -0.027630 -0.019755
    outer loop
      vertex 0.294398 0.263215 0.066904
      vertex 0.075525 0.306235 0.240812
      vertex 0.135522 0.384699 0.066904
    endloop
  endfacet
  facet -0.021127 -0.027630 -0.019755
    outer loop
      vertex 0.294398 0.263215 0.066904
      vertex 0.234402 0.184751 0.240812
      vertex 0.075525 0.306235 0.240812
    endloop
  endfacet
  facet 0.021127 0.027630 0.019755
    outer loop
      vertex 0.294398 0.263215 0.066904
      vertex 0.075525 0.306235 0.240812
      vertex 0.234402 0.184751 0.240812
    endloop
  endfacet
  facet -0.012796 0.009785 -0.000000
    outer loop
      vertex 0.251858 0.207581 0.027127
      vertex 0.191862 0.129117 0.201035
      vertex 0.234402 0.184751 0.240812
    endloop
  endfacet
  facet 0.012796 -0.009785 0.000000
    outer loop
      vertex 0.251858 0.207581 0.027127
      vertex 0.234402 0.184751 0.240812
      vertex 0.191862 0.129117 0.201035
    endloop
  endfacet
  facet 0.012796 -0.009785 0.000000
    outer loop
      vertex 0.251858 0.207581 0.027127
      vertex 0.294398 0.263215 0.066904
      vertex 0.234402 0.184751 0.240812
    endloop
  endfacet
  facet -0.012796 0.009785 -0.000000
    outer loop
      vertex 0.251858 0.207581 0.027127
      vertex 0.234402 0.184751 0.240812
      vertex 0.294398 0.263215 0.066904
    endloop
  endfacet
  facet 0.022976 0.026197 0.019641
    outer loop
      vertex 0.292521 0.255704 0.066744
      vertex 0.142158 0.387579 0.066744
      vertex 0.077403 0.313746 0.240972
    endloop
  endfacet
  facet -0.022976 -0.026197 -0.019641
    outer loop
      vertex 0.292521 0.255704 0.066744
      vertex 0.077403 0.313746 0.240972
      vertex 0.142158 0.387579 0.066744
    endloop
  endfacet
  facet -0.022976 -0.026197 -0.019641
    outer loop
      vertex 0.292521 0.255704 0.066744
      vertex 0.227765 0.181870 0.240972
      vertex 0.077403 0.313746 0.240972
    endloop
  endfacet
  facet 0.022976 0.026197 0.019641
    outer loop
      vertex 0.292521 0.255704 0.066744
      vertex 0.077403 0.313746 0.240972
      vertex 0.227765 0.181870 0.240972
    endloop
  endfacet
  facet -0.013434 0.011782 0.000000
    outer loop
      vertex 0.142158 0.387579 0.066744
      vertex 0.077403 0.313746 0.240972
      vertex 0.128723 0.372261 0.284843
    endloop
  endfacet
  facet 0.013434 -0.011782 -0.000000
    outer loop
      vertex 0.142158 0.387579 0.066744
      vertex 0.128723 0.372261 0.284843
      vertex 0.077403 0.313746 0.240972
    endloop
  endfacet
  facet 0.013434 -0.011782 -0.000000
    outer loop
      vertex 0.142158 0.387579 0.066744
      vertex 0.193479 0.446094 0.110615
      vertex 0.128723 0.372261 0.284843
    endloop
  endfacet
  facet -0.013434 0.011782 0.000000
    outer loop
      vertex 0.142158 0.387579 0.066744
      vertex 0.128723 0.372261 0.284843
      vertex 0.193479 0.446094 0.110615
    endloop
  endfacet
  facet 0.005786 0.006597 -0.015566
    outer loop
      vertex 0.227765 0.181870 0.240972
      vertex 0.077403 0.313746 0.240972
      vertex 0.128723 0.372261 0.284843
    endloop
  endfacet
  facet -0.005786 -0.006597 0.015566
    outer loop
      vertex 0.227765 0.181870 0.240972
      vertex 0.128723 0.372261 0.284843
      vertex 0.077403 0.313746 0.240972
    endloop
  endfacet
  facet -0.005786 -0.006597 0.015566
    outer loop
      vertex 0.227765 0.181870 0.240972
      vertex 0.279086 0.240385 0.284843
      vertex 0.128723 0.372261 0.284843
    endloop
  endfacet
  facet 0.005786 0.006597 -0.015566
    outer loop
      vertex 0.227765 0.181870 0.240972
      vertex 0.128723 0.372261 0.284843
      vertex 0.279086 0.240385 0.284843
    endloop
  endfacet
  facet 0.005786 0.006597 -0.015566
    outer loop
      vertex 0.292521 0.255704 0.066744
      vertex 0.142158 0.387579 0.066744
      vertex 0.193479 0.446094 0.110615
    endloop
  endfacet
  facet -0.005786 -0.006597 0.015566
    outer loop
      vertex 0.292521 0.255704 0.066744
      vertex 0.193479 0.446094 0.110615
      vertex 0.142158 0.387579 0.066744
    endloop
  endfacet
  facet -0.005786 -0.006597 0.015566
    outer loop
      vertex 0.292521 0.255704 0.066744
      vertex 0.343841 0.314218 0.110615
      vertex 0.193479 0.446094 0.110615
    endloop
  endfacet
  facet 0.005786 0.006597 -0.015566
    outer loop
      vertex 0.292521 0.255704 0.066744
      vertex 0.193479 0.446094 0.110615
      vertex 0.343841 0.314218 0.110615
    endloop
  endfacet
  facet 0.022976 0.026197 0.019641
    outer loop
      vertex 0.343841 0.314218 0.110615
      vertex 0.193479 0.446094 0.110615
      vertex 0.128723 0.372261 0.284843
    endloop
  endfacet
  facet -0.022976 -0.026197 -0.019641
    outer loop
      vertex 0.343841 0.314218 0.110615
      vertex 0.128723 0.372261 0.284843
      vertex 0.193479 0.446094 0.110615
    endloop
  endfacet
  facet -0.022976 -0.026197 -0.019641
    outer loop
      vertex 0.343841 0.314218 0.110615
      vertex 0.279086 0.240385 0.284843
      vertex 0.128723 0.372261 0.284843
    endloop
  endfacet
  facet 0.022976 0.026197 0.019641
    outer loop
      vertex 0.343841 0.314218 0.110615
      vertex 0.128723 0.372261 0.284843
      vertex 0.279086 0.240385 0.284843
    endloop
  endfacet
  facet -0.013434 0.011782 -0.000000
    outer loop
      vertex 0.292521 0.255704 0.066744
      vertex 0.227765 0.181870 0.240972
      vertex 0.279086 0.240385 0.284843
    endloop
  endfacet
  facet 0.013434 -0.011782 0.000000
    outer loop
      vertex 0.292521 0.255704 0.066744
      vertex 0.279086 0.240385 0.284843
      vertex 0.227765 0.181870 0.240972
    endloop
  endfacet
  facet 0.013434 -0.011782 0.000000
    outer loop
      vertex 0.292521 0.255704 0.066744
      vertex 0.343841 0.314218 0.110615
      vertex 0.279086 0.240385 0.284843
    endloop
  endfacet
  facet -0.013434 0.011782 -0.000000
    outer loop
      vertex 0.292521 0.255704 0.066744
      vertex 0.279086 0.240385 0.284843
      vertex 0.343841 0.314218 0.110615
    endloop
  endfacet
  facet 0.022685 0.025742 0.020561
    outer loop
      vertex 0.345291 0.315687 0.111951
      vertex 0.195242 0.447919 0.111951
      vertex 0.127273 0.370792 0.283508
    endloop
  endfacet
  facet -0.022685 -0.025742 -0.020561
    outer loop
      vertex 0.345291 0.315687 0.111951
      vertex 0.127273 0.370792 0.283508
      vertex 0.195242 0.447919 0.111951
    endloop
  endfacet
  facet -0.022685 -0.025742 -0.020561
    outer loop
      vertex 0.345291 0.315687 0.111951
      vertex 0.277322 0.238560 0.283508
      vertex 0.127273 0.370792 0.283508
    endloop
  endfacet
  facet 0.022685 0.025742 0.020561
    outer loop
      vertex 0.345291 0.315687 0.111951
      vertex 0.127273 0.370792 0.283508
      vertex 0.277322 0.238560 0.283508
    endloop
  endfacet
  facet -0.014965 0.013188 -0.000000
    outer loop
      vertex 0.195242 0.447919 0.111951
      vertex 0.127273 0.370792 0.283508
      vertex 0.183837 0.434977 0.334773
    endloop
  endfacet
  facet 0.014965 -0.013188 0.000000
    outer loop
      vertex 0.195242 0.447919 0.111951
      vertex 0.183837 0.434977 0.334773
      vertex 0.127273 0.370792 0.283508
    endloop
  endfacet
  facet 0.014965 -0.013188 0.000000
    outer loop
      vertex 0.195242 0.447919 0.111951
      vertex 0.251806 0.512104 0.163217
      vertex 0.183837 0.434977 0.334773
    endloop
  endfacet
  facet -0.014965 0.013188 -0.000000
    outer loop
      vertex 0.195242 0.447919 0.111951
      vertex 0.183837 0.434977 0.334773
      vertex 0.251806 0.512104 0.163217
    endloop
  endfacet
  facet 0.006779 0.007692 -0.017111
    outer loop
      vertex 0.277322 0.238560 0.283508
      vertex 0.127273 0.370792 0.283508
      vertex 0.183837 0.434977 0.334773
    endloop
  endfacet
  facet -0.006779 -0.007692 0.017111
    outer loop
      vertex 0.277322 0.238560 0.283508
      vertex 0.183837 0.434977 0.334773
      vertex 0.127273 0.370792 0.283508
    endloop
  endfacet
  facet -0.006779 -0.007692 0.017111
    outer loop
      vertex 0.277322 0.238560 0.283508
      vertex 0.333886 0.302745 0.334773
      vertex 0.183837 0.434977 0.334773
    endloop
  endfacet
  facet 0.006779 0.007692 -0.017111
    outer loop
      vertex 0.277322 0.238560 0.283508
      vertex 0.183837 0.434977 0.334773
      vertex 0.333886 0.302745 0.334773
    endloop
  endfacet
  facet 0.006779 0.007692 -0.017111
    outer loop
      vertex 0.345291 0.315687 0.111951
      vertex 0.195242 0.447919 0.111951
      vertex 0.251806 0.512104 0.163217
    endloop
  endfacet
  facet -0.006779 -0.007692 0.017111
    outer loop
      vertex 0.345291 0.315687 0.111951
      vertex 0.251806 0.512104 0.163217
      vertex 0.195242 0.447919 0.111951
    endloop
  endfacet
  facet -0.006779 -0.007692 0.017111
    outer loop
      vertex 0.345291 0.315687 0.111951
      vertex 0.401855 0.379872 0.163217
      vertex 0.251806 0.512104 0.163217
    endloop
  endfacet
  facet 0.006779 0.007692 -0.017111
    outer loop
      vertex 0.345291 0.315687 0.111951
      vertex 0.251806 0.512104 0.163217
      vertex 0.401855 0.379872 0.163217
    endloop
  endfacet
  facet 0.022685 0.025742 0.020561
    outer loop
      vertex 0.401855 0.379872 0.163217
      vertex 0.251806 0.512104 0.163217
      vertex 0.183837 0.434977 0.334773
    endloop
  endfacet
  facet -0.022685 -0.025742 -0.020561
    outer loop
      vertex 0.401855 0.379872 0.163217
      vertex 0.183837 0.434977 0.334773
      vertex 0.251806 0.512104 0.163217
    endloop
  endfacet
  facet -0.022685 -0.025742 -0.020561
    outer loop
      vertex 0.401855 0.379872 0.163217
      vertex 0.333886 0.302745 0.334773
      vertex 0.183837 0.434977 0.334773
    endloop
  endfacet
  facet 0.022685 0.025742 0.020561
    outer loop
      vertex 0.401855 0.379872 0.163217
      vertex 0.183837 0.434977 0.334773
      vertex 0.333886 0.302745 0.334773
    endloop
  endfacet
  facet -0.014965 0.013188 0.000000
    outer loop
      vertex 0.345291 0.315687 0.111951
      vertex 0.277322 0.238560 0.283508
      vertex 0.333886 0.302745 0.334773
    endloop
  endfacet
  facet 0.014965 -0.013188 -0.000000
    outer loop
      vertex 0.345291 0.315687 0.111951
      vertex 0.333886 0.302745 0.334773
      vertex 0.277322 0.238560 0.283508
    endloop
  endfacet
  facet 0.014965 -0.013188 -0.000000
    outer loop
      vertex 0.345291 0.315687 0.111951
      vertex 0.401855 0.379872 0.163217
      vertex 0.333886 0.302745 0.334773
    endloop
  endfacet
  facet -0.014965 0.013188 0.000000
    outer loop
      vertex 0.345291 0.315687 0.111951
      vertex 0.333886 0.302745 0.334773
      vertex 0.401855 0.379872 0.163217
    endloop
  endfacet
  facet 0.022624 0.026698 0.019374
    outer loop
      vertex 0.400451 0.379728 0.161508
      vertex 0.247868 0.509027 0.161508
      vertex 0.185241 0.435122 0.336482
    endloop
  endfacet
  facet -0.022624 -0.026698 -0.019374
    outer loop
      vertex 0.400451 0.379728 0.161508
      vertex 0.185241 0.435122 0.336482
      vertex 0.247868 0.509027 0.161508
    endloop
  endfacet
  facet -0.022624 -0.026698 -0.019374
    outer loop
      vertex 0.400451 0.379728 0.161508
      vertex 0.337825 0.305823 0.336482
      vertex 0.185241 0.435122 0.336482
    endloop
  endfacet
  facet 0.022624 0.026698 0.019374
    outer loop
      vertex 0.400451 0.379728 0.161508
      vertex 0.185241 0.435122 0.336482
      vertex 0.337825 0.305823 0.336482
    endloop
  endfacet
  facet -0.016244 0.013765 -0.000000
    outer loop
      vertex 0.247868 0.509027 0.161508
      vertex 0.185241 0.435122 0.336482
      vertex 0.245456 0.506180 0.388048
    endloop
  endfacet
  facet 0.016244 -0.013765 0.000000
    outer loop
      vertex 0.247868 0.509027 0.161508
      vertex 0.245456 0.506180 0.388048
      vertex 0.185241 0.435122 0.336482
    endloop
  endfacet
  facet 0.016244 -0.013765 0.000000
    outer loop
      vertex 0.247868 0.509027 0.161508
      vertex 0.308082 0.580085 0.213073
      vertex 0.245456 0.506180 0.388048
    endloop
  endfacet
  facet -0.016244 0.013765 -0.000000
    outer loop
      vertex 0.247868 0.509027 0.161508
      vertex 0.245456 0.506180 0.388048
      vertex 0.308082 0.580085 0.213073
    endloop
  endfacet
  facet 0.006667 0.007868 -0.018628
    outer loop
      vertex 0.337825 0.305823 0.336482
      vertex 0.185241 0.435122 0.336482
      vertex 0.245456 0.506180 0.388048
    endloop
  endfacet
  facet -0.006667 -0.007868 0.018628
    outer loop
      vertex 0.337825 0.305823 0.336482
      vertex 0.245456 0.506180 0.388048
      vertex 0.185241 0.435122 0.336482
    endloop
  endfacet
  facet -0.006667 -0.007868 0.018628
    outer loop
      vertex 0.337825 0.305823 0.336482
      vertex 0.398039 0.376881 0.388048
      vertex 0.245456 0.506180 0.388048
    endloop
  endfacet
  facet 0.006667 0.007868 -0.018628
    outer loop
      vertex 0.337825 0.305823 0.336482
      vertex 0.245456 0.506180 0.388048
