solid trajectory
  facet 0.026745 0.009229 0.028275
    outer loop
      vertex -0.056793 -0.097302 0.085480
      vertex 0.088504 -0.097302 -0.051955
      vertex 0.056793 0.097302 -0.085480
    endloop
  endfacet
  facet -0.026745 -0.009229 -0.028275
    outer loop
      vertex -0.056793 -0.097302 0.085480
      vertex 0.056793 0.097302 -0.085480
      vertex 0.088504 -0.097302 -0.051955
    endloop
  endfacet
  facet -0.026745 -0.009229 -0.028275
    outer loop
      vertex -0.056793 -0.097302 0.085480
      vertex -0.088504 0.097302 0.051955
      vertex 0.056793 0.097302 -0.085480
    endloop
  endfacet
  facet 0.026745 0.009229 0.028275
    outer loop
      vertex -0.056793 -0.097302 0.085480
      vertex 0.056793 0.097302 -0.085480
      vertex -0.088504 0.097302 0.051955
    endloop
  endfacet
  facet 0.101903 -0.000000 -0.096389
    outer loop
      vertex 0.088504 -0.097302 -0.051955
      vertex 0.056793 0.097302 -0.085480
      vertex 0.525733 0.259124 0.410286
    endloop
  endfacet
  facet -0.101903 0.000000 0.096389
    outer loop
      vertex 0.088504 -0.097302 -0.051955
      vertex 0.525733 0.259124 0.410286
      vertex 0.056793 0.097302 -0.085480
    endloop
  endfacet
  facet -0.101903 0.000000 0.096389
    outer loop
      vertex 0.088504 -0.097302 -0.051955
      vertex 0.557444 0.064521 0.443811
      vertex 0.525733 0.259124 0.410286
    endloop
  endfacet
  facet 0.101903 -0.000000 -0.096389
    outer loop
      vertex 0.088504 -0.097302 -0.051955
      vertex 0.525733 0.259124 0.410286
      vertex 0.557444 0.064521 0.443811
    endloop
  endfacet
  facet 0.022240 -0.136483 0.023512
    outer loop
      vertex -0.088504 0.097302 0.051955
      vertex 0.056793 0.097302 -0.085480
      vertex 0.525733 0.259124 0.410286
    endloop
  endfacet
  facet -0.022240 0.136483 -0.023512
    outer loop
      vertex -0.088504 0.097302 0.051955
      vertex 0.525733 0.259124 0.410286
      vertex 0.056793 0.097302 -0.085480
    endloop
  endfacet
  facet -0.022240 0.136483 -0.023512
    outer loop
      vertex -0.088504 0.097302 0.051955
      vertex 0.380435 0.259124 0.547721
      vertex 0.525733 0.259124 0.410286
    endloop
  endfacet
  facet 0.022240 -0.136483 0.023512
    outer loop
      vertex -0.088504 0.097302 0.051955
      vertex 0.525733 0.259124 0.410286
      vertex 0.380435 0.259124 0.547721
    endloop
  endfacet
  facet 0.022240 -0.136483 0.023512
    outer loop
      vertex -0.056793 -0.097302 0.085480
      vertex 0.088504 -0.097302 -0.051955
      vertex 0.557444 0.064521 0.443811
    endloop
  endfacet
  facet -0.022240 0.136483 -0.023512
    outer loop
      vertex -0.056793 -0.097302 0.085480
      vertex 0.557444 0.064521 0.443811
      vertex 0.088504 -0.097302 -0.051955
    endloop
  endfacet
  facet -0.022240 0.136483 -0.023512
    outer loop
      vertex -0.056793 -0.097302 0.085480
      vertex 0.412146 0.064521 0.581246
      vertex 0.557444 0.064521 0.443811
    endloop
  endfacet
  facet 0.022240 -0.136483 0.023512
    outer loop
      vertex -0.056793 -0.097302 0.085480
      vertex 0.557444 0.064521 0.443811
      vertex 0.412146 0.064521 0.581246
    endloop
  endfacet
  facet 0.026745 0.009229 0.028275
    outer loop
      vertex 0.412146 0.064521 0.581246
      vertex 0.557444 0.064521 0.443811
      vertex 0.525733 0.259124 0.410286
    endloop
  endfacet
  facet -0.026745 -0.009229 -0.028275
    outer loop
      vertex 0.412146 0.064521 0.581246
      vertex 0.525733 0.259124 0.410286
      vertex 0.557444 0.064521 0.443811
    endloop
  endfacet
  facet -0.026745 -0.009229 -0.028275
    outer loop
      vertex 0.412146 0.064521 0.581246
      vertex 0.380435 0.259124 0.547721
      vertex 0.525733 0.259124 0.410286
    endloop
  endfacet
  facet 0.026745 0.009229 0.028275
    outer loop
      vertex 0.412146 0.064521 0.581246
      vertex 0.525733 0.259124 0.410286
      vertex 0.380435 0.259124 0.547721
    endloop
  endfacet
  facet 0.101903 -0.000000 -0.096389
    outer loop
      vertex -0.056793 -0.097302 0.085480
      vertex -0.088504 0.097302 0.051955
      vertex 0.380435 0.259124 0.547721
    endloop
  endfacet
  facet -0.101903 0.000000 0.096389
    outer loop
      vertex -0.056793 -0.097302 0.085480
      vertex 0.380435 0.259124 0.547721
      vertex -0.088504 0.097302 0.051955
    endloop
  endfacet
  facet -0.101903 0.000000 0.096389
    outer loop
      vertex -0.056793 -0.097302 0.085480
      vertex 0.412146 0.064521 0.581246
      vertex 0.380435 0.259124 0.547721
    endloop
  endfacet
  facet 0.101903 -0.000000 -0.096389
    outer loop
      vertex -0.056793 -0.097302 0.085480
      vertex 0.380435 0.259124 0.547721
      vertex 0.412146 0.064521 0.581246
    endloop
  endfacet
  facet 0.026745 0.009229 0.028275
    outer loop
      vertex 0.412146 0.064521 0.581246
      vertex 0.557444 0.064521 0.443811
      vertex 0.525733 0.259124 0.410286
    endloop
  endfacet
  facet -0.026745 -0.009229 -0.028275
    outer loop
      vertex 0.412146 0.064521 0.581246
      vertex 0.525733 0.259124 0.410286
      vertex 0.557444 0.064521 0.443811
    endloop
  endfacet
  facet -0.026745 -0.009229 -0.028275
    outer loop
      vertex 0.412146 0.064521 0.581246
      vertex 0.380435 0.259124 0.547721
      vertex 0.525733 0.259124 0.410286
    endloop
  endfacet
  facet 0.026745 0.009229 0.028275
    outer loop
      vertex 0.412146 0.064521 0.581246
      vertex 0.525733 0.259124 0.410286
      vertex 0.380435 0.259124 0.547721
    endloop
  endfacet
  facet 0.101903 -0.000000 -0.096389
    outer loop
      vertex 0.557444 0.064521 0.443811
      vertex 0.525733 0.259124 0.410286
      vertex 0.994672 0.420947 0.906052
    endloop
  endfacet
  facet -0.101903 0.000000 0.096389
    outer loop
      vertex 0.557444 0.064521 0.443811
      vertex 0.994672 0.420947 0.906052
      vertex 0.525733 0.259124 0.410286
    endloop
  endfacet
  facet -0.101903 0.000000 0.096389
    outer loop
      vertex 0.557444 0.064521 0.443811
      vertex 1.026383 0.226343 0.939577
      vertex 0.994672 0.420947 0.906052
    endloop
  endfacet
  facet 0.101903 -0.000000 -0.096389
    outer loop
      vertex 0.557444 0.064521 0.443811
      vertex 0.994672 0.420947 0.906052
      vertex 1.026383 0.226343 0.939577
    endloop
  endfacet
  facet 0.022240 -0.136483 0.023512
    outer loop
      vertex 0.380435 0.259124 0.547721
      vertex 0.525733 0.259124 0.410286
      vertex 0.994672 0.420947 0.906052
    endloop
  endfacet
  facet -0.022240 0.136483 -0.023512
    outer loop
      vertex 0.380435 0.259124 0.547721
      vertex 0.994672 0.420947 0.906052
      vertex 0.525733 0.259124 0.410286
    endloop
  endfacet
  facet -0.022240 0.136483 -0.023512
    outer loop
      vertex 0.380435 0.259124 0.547721
      vertex 0.849374 0.420947 1.043487
      vertex 0.994672 0.420947 0.906052
    endloop
  endfacet
  facet 0.022240 -0.136483 0.023512
    outer loop
      vertex 0.380435 0.259124 0.547721
      vertex 0.994672 0.420947 0.906052
      vertex 0.849374 0.420947 1.043487
    endloop
  endfacet
  facet 0.022240 -0.136483 0.023512
    outer loop
      vertex 0.412146 0.064521 0.581246
      vertex 0.557444 0.064521 0.443811
      vertex 1.026383 0.226343 0.939577
    endloop
  endfacet
  facet -0.022240 0.136483 -0.023512
    outer loop
      vertex 0.412146 0.064521 0.581246
      vertex 1.026383 0.226343 0.939577
      vertex 0.557444 0.064521 0.443811
    endloop
  endfacet
  facet -0.022240 0.136483 -0.023512
    outer loop
      vertex 0.412146 0.064521 0.581246
      vertex 0.881085 0.226343 1.077012
      vertex 1.026383 0.226343 0.939577
    endloop
  endfacet
  facet 0.022240 -0.136483 0.023512
    outer loop
      vertex 0.412146 0.064521 0.581246
      vertex 1.026383 0.226343 0.939577
      vertex 0.881085 0.226343 1.077012
    endloop
  endfacet
  facet 0.026745 0.009229 0.028275
    outer loop
      vertex 0.881085 0.226343 1.077012
      vertex 1.026383 0.226343 0.939577
      vertex 0.994672 0.420947 0.906052
    endloop
  endfacet
  facet -0.026745 -0.009229 -0.028275
    outer loop
      vertex 0.881085 0.226343 1.077012
      vertex 0.994672 0.420947 0.906052
      vertex 1.026383 0.226343 0.939577
    endloop
  endfacet
  facet -0.026745 -0.009229 -0.028275
    outer loop
      vertex 0.881085 0.226343 1.077012
      vertex 0.849374 0.420947 1.043487
      vertex 0.994672 0.420947 0.906052
    endloop
  endfacet
  facet 0.026745 0.009229 0.028275
    outer loop
      vertex 0.881085 0.226343 1.077012
      vertex 0.994672 0.420947 0.906052
      vertex 0.849374 0.420947 1.043487
    endloop
  endfacet
  facet 0.101903 -0.000000 -0.096389
    outer loop
      vertex 0.412146 0.064521 0.581246
      vertex 0.380435 0.259124 0.547721
      vertex 0.849374 0.420947 1.043487
    endloop
  endfacet
  facet -0.101903 0.000000 0.096389
    outer loop
      vertex 0.412146 0.064521 0.581246
      vertex 0.849374 0.420947 1.043487
      vertex 0.380435 0.259124 0.547721
    endloop
  endfacet
  facet -0.101903 0.000000 0.096389
    outer loop
      vertex 0.412146 0.064521 0.581246
      vertex 0.881085 0.226343 1.077012
      vertex 0.849374 0.420947 1.043487
    endloop
  endfacet
  facet 0.101903 -0.000000 -0.096389
    outer loop
      vertex 0.412146 0.064521 0.581246
      vertex 0.849374 0.420947 1.043487
      vertex 0.881085 0.226343 1.077012
    endloop
  endfacet
  facet 0.026745 0.009229 0.028275
    outer loop
      vertex 0.881085 0.226343 1.077012
      vertex 1.026383 0.226343 0.939577
      vertex 0.994672 0.420947 0.906052
    endloop
  endfacet
  facet -0.026745 -0.009229 -0.028275
    outer loop
      vertex 0.881085 0.226343 1.077012
      vertex 0.994672 0.420947 0.906052
      vertex 1.026383 0.226343 0.939577
    endloop
  endfacet
  facet -0.026745 -0.009229 -0.028275
    outer loop
      vertex 0.881085 0.226343 1.077012
      vertex 0.849374 0.420947 1.043487
      vertex 0.994672 0.420947 0.906052
    endloop
  endfacet
  facet 0.026745 0.009229 0.028275
    outer loop
      vertex 0.881085 0.226343 1.077012
      vertex 0.994672 0.420947 0.906052
      vertex 0.849374 0.420947 1.043487
    endloop
  endfacet
  facet 0.101903 -0.000000 -0.096389
    outer loop
      vertex 1.026383 0.226343 0.939577
      vertex 0.994672 0.420947 0.906052
      vertex 1.463611 0.582769 1.401818
    endloop
  endfacet
  facet -0.101903 0.000000 0.096389
    outer loop
      vertex 1.026383 0.226343 0.939577
      vertex 1.463611 0.582769 1.401818
      vertex 0.994672 0.420947 0.906052
    endloop
  endfacet
  facet -0.101903 0.000000 0.096389
    outer loop
      vertex 1.026383 0.226343 0.939577
      vertex 1.495322 0.388166 1.435343
      vertex 1.463611 0.582769 1.401818
    endloop
  endfacet
  facet 0.101903 -0.000000 -0.096389
    outer loop
      vertex 1.026383 0.226343 0.939577
      vertex 1.463611 0.582769 1.401818
      vertex 1.495322 0.388166 1.435343
    endloop
  endfacet
  facet 0.022240 -0.136483 0.023512
    outer loop
      vertex 0.849374 0.420947 1.043487
      vertex 0.994672 0.420947 0.906052
      vertex 1.463611 0.582769 1.401818
    endloop
  endfacet
  facet -0.022240 0.136483 -0.023512
    outer loop
      vertex 0.849374 0.420947 1.043487
      vertex 1.463611 0.582769 1.401818
      vertex 0.994672 0.420947 0.906052
    endloop
  endfacet
  facet -0.022240 0.136483 -0.023512
    outer loop
      vertex 0.849374 0.420947 1.043487
      vertex 1.318313 0.582769 1.539253
      vertex 1.463611 0.582769 1.401818
    endloop
  endfacet
  facet 0.022240 -0.136483 0.023512
    outer loop
      vertex 0.849374 0.420947 1.043487
      vertex 1.463611 0.582769 1.401818
      vertex 1.318313 0.582769 1.539253
    endloop
  endfacet
  facet 0.022240 -0.136483 0.023512
    outer loop
      vertex 0.881085 0.226343 1.077012
      vertex 1.026383 0.226343 0.939577
      vertex 1.495322 0.388166 1.435343
    endloop
  endfacet
  facet -0.022240 0.136483 -0.023512
    outer loop
      vertex 0.881085 0.226343 1.077012
      vertex 1.495322 0.388166 1.435343
      vertex 1.026383 0.226343 0.939577
    endloop
  endfacet
  facet -0.022240 0.136483 -0.023512
    outer loop
      vertex 0.881085 0.226343 1.077012
      vertex 1.350024 0.388166 1.572779
      vertex 1.495322 0.388166 1.435343
    endloop
  endfacet
  facet 0.022240 -0.136483 0.023512
    outer loop
      vertex 0.881085 0.226343 1.077012
      vertex 1.495322 0.388166 1.435343
      vertex 1.350024 0.388166 1.572779
    endloop
  endfacet
  facet 0.026745 0.009229 0.028275
    outer loop
      vertex 1.350024 0.388166 1.572779
      vertex 1.495322 0.388166 1.435343
      vertex 1.463611 0.582769 1.401818
    endloop
  endfacet
  facet -0.026745 -0.009229 -0.028275
    outer loop
      vertex 1.350024 0.388166 1.572779
      vertex 1.463611 0.582769 1.401818
      vertex 1.495322 0.388166 1.435343
    endloop
  endfacet
  facet -0.026745 -0.009229 -0.028275
    outer loop
      vertex 1.350024 0.388166 1.572779
      vertex 1.318313 0.582769 1.539253
      vertex 1.463611 0.582769 1.401818
    endloop
  endfacet
  facet 0.026745 0.009229 0.028275
    outer loop
      vertex 1.350024 0.388166 1.572779
      vertex 1.463611 0.582769 1.401818
      vertex 1.318313 0.582769 1.539253
    endloop
  endfacet
  facet 0.101903 -0.000000 -0.096389
    outer loop
      vertex 0.881085 0.226343 1.077012
      vertex 0.849374 0.420947 1.043487
      vertex 1.318313 0.582769 1.539253
    endloop
  endfacet
  facet -0.101903 0.000000 0.096389
    outer loop
      vertex 0.881085 0.226343 1.077012
      vertex 1.318313 0.582769 1.539253
      vertex 0.849374 0.420947 1.043487
    endloop
  endfacet
  facet -0.101903 0.000000 0.096389
    outer loop
      vertex 0.881085 0.226343 1.077012
      vertex 1.350024 0.388166 1.572779
      vertex 1.318313 0.582769 1.539253
    endloop
  endfacet
  facet 0.101903 -0.000000 -0.096389
    outer loop
      vertex 0.881085 0.226343 1.077012
      vertex 1.318313 0.582769 1.539253
      vertex 1.350024 0.388166 1.572779
    endloop
  endfacet
  facet 0.026745 0.009229 0.028275
    outer loop
      vertex 1.350024 0.388166 1.572779
      vertex 1.495322 0.388166 1.435343
      vertex 1.463611 0.582769 1.401818
    endloop
  endfacet
  facet -0.026745 -0.009229 -0.028275
    outer loop
      vertex 1.350024 0.388166 1.572779
      vertex 1.463611 0.582769 1.401818
      vertex 1.495322 0.388166 1.435343
    endloop
  endfacet
  facet -0.026745 -0.009229 -0.028275
    outer loop
      vertex 1.350024 0.388166 1.572779
      vertex 1.318313 0.582769 1.539253
      vertex 1.463611 0.582769 1.401818
    endloop
  endfacet
  facet 0.026745 0.009229 0.028275
    outer loop
      vertex 1.350024 0.388166 1.572779
      vertex 1.463611 0.582769 1.401818
      vertex 1.318313 0.582769 1.539253
    endloop
  endfacet
  facet 0.101903 -0.000000 -0.096389
    outer loop
      vertex 1.495322 0.388166 1.435343
      vertex 1.463611 0.582769 1.401818
      vertex 1.932550 0.744591 1.897584
    endloop
  endfacet
  facet -0.101903 0.000000 0.096389
    outer loop
      vertex 1.495322 0.388166 1.435343
      vertex 1.932550 0.744591 1.897584
      vertex 1.463611 0.582769 1.401818
    endloop
  endfacet
  facet -0.101903 0.000000 0.096389
    outer loop
      vertex 1.495322 0.388166 1.435343
      vertex 1.964261 0.549988 1.931109
      vertex 1.932550 0.744591 1.897584
    endloop
  endfacet
  facet 0.101903 -0.000000 -0.096389
    outer loop
      vertex 1.495322 0.388166 1.435343
      vertex 1.932550 0.744591 1.897584
      vertex 1.964261 0.549988 1.931109
    endloop
  endfacet
  facet 0.022240 -0.136483 0.023512
    outer loop
      vertex 1.318313 0.582769 1.539253
      vertex 1.463611 0.582769 1.401818
      vertex 1.932550 0.744591 1.897584
    endloop
  endfacet
  facet -0.022240 0.136483 -0.023512
    outer loop
      vertex 1.318313 0.582769 1.539253
      vertex 1.932550 0.744591 1.897584
      vertex 1.463611 0.582769 1.401818
    endloop
  endfacet
  facet -0.022240 0.136483 -0.023512
    outer loop
      vertex 1.318313 0.582769 1.539253
      vertex 1.787252 0.744591 2.035019
      vertex 1.932550 0.744591 1.897584
    endloop
  endfacet
  facet 0.022240 -0.136483 0.023512
    outer loop
      vertex 1.318313 0.582769 1.539253
      vertex 1.932550 0.744591 1.897584
      vertex 1.787252 0.744591 2.035019
    endloop
  endfacet
  facet 0.022240 -0.136483 0.023512
    outer loop
      vertex 1.350024 0.388166 1.572779
      vertex 1.495322 0.388166 1.435343
      vertex 1.964261 0.549988 1.931109
    endloop
  endfacet
  facet -0.022240 0.136483 -0.023512
    outer loop
      vertex 1.350024 0.388166 1.572779
      vertex 1.964261 0.549988 1.931109
      vertex 1.495322 0.388166 1.435343
    endloop
  endfacet
  facet -0.022240 0.136483 -0.023512
    outer loop
      vertex 1.350024 0.388166 1.572779
      vertex 1.818963 0.549988 2.068545
      vertex 1.964261 0.549988 1.931109
    endloop
  endfacet
  facet 0.022240 -0.136483 0.023512
    outer loop
      vertex 1.350024 0.388166 1.572779
      vertex 1.964261 0.549988 1.931109
      vertex 1.818963 0.549988 2.068545
    endloop
  endfacet
  facet 0.026745 0.009229 0.028275
    outer loop
      vertex 1.818963 0.549988 2.068545
      vertex 1.964261 0.549988 1.931109
      vertex 1.932550 0.744591 1.897584
    endloop
  endfacet
  facet -0.026745 -0.009229 -0.028275
    outer loop
      vertex 1.818963 0.549988 2.068545
      vertex 1.932550 0.744591 1.897584
      vertex 1.964261 0.549988 1.931109
    endloop
  endfacet
  facet -0.026745 -0.009229 -0.028275
    outer loop
      vertex 1.818963 0.549988 2.068545
      vertex 1.787252 0.744591 2.035019
      vertex 1.932550 0.744591 1.897584
    endloop
  endfacet
  facet 0.026745 0.009229 0.028275
    outer loop
      vertex 1.818963 0.549988 2.068545
      vertex 1.932550 0.744591 1.897584
      vertex 1.787252 0.744591 2.035019
    endloop
  endfacet
  facet 0.101903 -0.000000 -0.096389
    outer loop
      vertex 1.350024 0.388166 1.572779
      vertex 1.318313 0.582769 1.539253
      vertex 1.787252 0.744591 2.035019
    endloop
  endfacet
  facet -0.101903 0.000000 0.096389
    outer loop
      vertex 1.350024 0.388166 1.572779
      vertex 1.787252 0.744591 2.035019
      vertex 1.318313 0.582769 1.539253
    endloop
  endfacet
  facet -0.101903 -0.000000 0.096389
    outer loop
      vertex 1.350024 0.388166 1.572779
      vertex 1.818963 0.549988 2.068545
      vertex 1.787252 0.744591 2.035019
    endloop
  endfacet
  facet 0.101903 0.000000 -0.096389
    outer loop
      vertex 1.350024 0.388166 1.572779
      vertex 1.787252 0.744591 2.035019
      vertex 1.818963 0.549988 2.068545
    endloop
  endfacet
  facet 0.026745 0.009229 0.028275
    outer loop
      vertex 1.818963 0.549988 2.068545
      vertex 1.964261 0.549988 1.931109
      vertex 1.932550 0.744591 1.897584
    endloop
  endfacet
  facet -0.026745 -0.009229 -0.028275
    outer loop
      vertex 1.818963 0.549988 2.068545
      vertex 1.932550 0.744591 1.897584
      vertex 1.964261 0.549988 1.931109
    endloop
  endfacet
  facet -0.026745 -0.009229 -0.028275
    outer loop
      vertex 1.818963 0.549988 2.068545
      vertex 1.787252 0.744591 2.035019
      vertex 1.932550 0.744591 1.897584
    endloop
  endfacet
  facet 0.026745 0.009229 0.028275
    outer loop
      vertex 1.818963 0.549988 2.068545
      vertex 1.932550 0.744591 1.897584
      vertex 1.787252 0.744591 2.035019
    endloop
  endfacet
  facet 0.101903 -0.000000 -0.096389
    outer loop
      vertex 1.964261 0.549988 1.931109
      vertex 1.932550 0.744591 1.897584
      vertex 2.401489 0.906414 2.393350
    endloop
  endfacet
  facet -0.101903 0.000000 0.096389
    outer loop
      vertex 1.964261 0.549988 1.931109
      vertex 2.401489 0.906414 2.393350
      vertex 1.932550 0.744591 1.897584
    endloop
  endfacet
  facet -0.101903 -0.000000 0.096389
    outer loop
      vertex 1.964261 0.549988 1.931109
      vertex 2.433200 0.711810 2.426875
      vertex 2.401489 0.906414 2.393350
    endloop
  endfacet
  facet 0.101903 0.000000 -0.096389
    outer loop
      vertex 1.964261 0.549988 1.931109
      vertex 2.401489 0.906414 2.393350
      vertex 2.433200 0.711810 2.426875
    endloop
  endfacet
  facet 0.022240 -0.136483 0.023512
    outer loop
      vertex 1.787252 0.744591 2.035019
      vertex 1.932550 0.744591 1.897584
      vertex 2.401489 0.906414 2.393350
    endloop
  endfacet
  facet -0.022240 0.136483 -0.023512
    outer loop
      vertex 1.787252 0.744591 2.035019
      vertex 2.401489 0.906414 2.393350
      vertex 1.932550 0.744591 1.897584
    endloop
  endfacet
  facet -0.022240 0.136483 -0.023512
    outer loop
      vertex 1.787252 0.744591 2.035019
      vertex 2.256191 0.906414 2.530786
      vertex 2.401489 0.906414 2.393350
    endloop
  endfacet
  facet 0.022240 -0.136483 0.023512
    outer loop
      vertex 1.787252 0.744591 2.035019
      vertex 2.401489 0.906414 2.393350
      vertex 2.256191 0.906414 2.530786
    endloop
  endfacet
  facet 0.022240 -0.136483 0.023512
    outer loop
      vertex 1.818963 0.549988 2.068545
      vertex 1.964261 0.549988 1.931109
      vertex 2.433200 0.711810 2.426875
    endloop
  endfacet
  facet -0.022240 0.136483 -0.023512
    outer loop
      vertex 1.818963 0.549988 2.068545
      vertex 2.433200 0.711810 2.426875
      vertex 1.964261 0.549988 1.931109
    endloop
  endfacet
  facet -0.022240 0.136483 -0.023512
    outer loop
      vertex 1.818963 0.549988 2.068545
      vertex 2.287902 0.711810 2.564311
      vertex 2.433200 0.711810 2.426875
    endloop
  endfacet
  facet 0.022240 -0.136483 0.023512
    outer loop
      vertex 1.818963 0.549988 2.068545
      vertex 2.433200 0.711810 2.426875
      vertex 2.287902 0.711810 2.564311
    endloop
  endfacet
  facet 0.026745 0.009229 0.028275
    outer loop
      vertex 2.287902 0.711810 2.564311
      vertex 2.433200 0.711810 2.426875
      vertex 2.401489 0.906414 2.393350
    endloop
  endfacet
  facet -0.026745 -0.009229 -0.028275
    outer loop
      vertex 2.287902 0.711810 2.564311
      vertex 2.401489 0.906414 2.393350
      vertex 2.433200 0.711810 2.426875
    endloop
  endfacet
  facet -0.026745 -0.009229 -0.028275
    outer loop
      vertex 2.287902 0.711810 2.564311
      vertex 2.256191 0.906414 2.530786
      vertex 2.401489 0.906414 2.393350
    endloop
  endfacet
  facet 0.026745 0.009229 0.028275
    outer loop
      vertex 2.287902 0.711810 2.564311
      vertex 2.401489 0.906414 2.393350
      vertex 2.256191 0.906414 2.530786
    endloop
  endfacet
  facet 0.101903 0.000000 -0.096389
    outer loop
      vertex 1.818963 0.549988 2.068545
      vertex 1.787252 0.744591 2.035019
      vertex 2.256191 0.906414 2.530786
    endloop
  endfacet
  facet -0.101903 -0.000000 0.096389
    outer loop
      vertex 1.818963 0.549988 2.068545
      vertex 2.256191 0.906414 2.530786
      vertex 1.787252 0.744591 2.035019
    endloop
  endfacet
  facet -0.101903 -0.000000 0.096389
    outer loop
      vertex 1.818963 0.549988 2.068545
      vertex 2.287902 0.711810 2.564311
      vertex 2.256191 0.906414 2.530786
    endloop
  endfacet
  facet 0.101903 0.000000 -0.096389
    outer loop
      vertex 1.818963 0.549988 2.068545
      vertex 2.256191 0.906414 2.530786
      vertex 2.287902 0.711810 2.564311
    endloop
  endfacet
  facet 0.026745 0.009229 0.028275
    outer loop
      vertex 2.287902 0.711810 2.564311
      vertex 2.433200 0.711810 2.426875
      vertex 2.401489 0.906414 2.393350
    endloop
  endfacet
  facet -0.026745 -0.009229 -0.028275
    outer loop
      vertex 2.287902 0.711810 2.564311
      vertex 2.401489 0.906414 2.393350
      vertex 2.433200 0.711810 2.426875
    endloop
  endfacet
  facet -0.026745 -0.009229 -0.028275
    outer loop
      vertex 2.287902 0.711810 2.564311
      vertex 2.256191 0.906414 2.530786
      vertex 2.401489 0.906414 2.393350
    endloop
  endfacet
  facet 0.026745 0.009229 0.028275
    outer loop
      vertex 2.287902 0.711810 2.564311
      vertex 2.401489 0.906414 2.393350
      vertex 2.256191 0.906414 2.530786
    endloop
  endfacet
  facet 0.101903 0.000000 -0.096389
    outer loop
      vertex 2.433200 0.711810 2.426875
      vertex 2.401489 0.906414 2.393350
      vertex 2.870428 1.068236 2.889116
    endloop
  endfacet
  facet -0.101903 -0.000000 0.096389
    outer loop
      vertex 2.433200 0.711810 2.426875
      vertex 2.870428 1.068236 2.889116
      vertex 2.401489 0.906414 2.393350
    endloop
  endfacet
  facet -0.101903 -0.000000 0.096389
    outer loop
      vertex 2.433200 0.711810 2.426875
      vertex 2.902139 0.873633 2.922641
      vertex 2.870428 1.068236 2.889116
    endloop
  endfacet
  facet 0.101903 0.000000 -0.096389
    outer loop
      vertex 2.433200 0.711810 2.426875
      vertex 2.870428 1.068236 2.889116
      vertex 2.902139 0.873633 2.922641
    endloop
  endfacet
  facet 0.022240 -0.136483 0.023512
    outer loop
      vertex 2.256191 0.906414 2.530786
      vertex 2.401489 0.906414 2.393350
      vertex 2.870428 1.068236 2.889116
    endloop
  endfacet
  facet -0.022240 0.136483 -0.023512
    outer loop
      vertex 2.256191 0.906414 2.530786
      vertex 2.870428 1.068236 2.889116
      vertex 2.401489 0.906414 2.393350
    endloop
  endfacet
  facet -0.022240 0.136483 -0.023512
    outer loop
      vertex 2.256191 0.906414 2.530786
      vertex 2.725130 1.068236 3.026552
      vertex 2.870428 1.068236 2.889116
    endloop
  endfacet
  facet 0.022240 -0.136483 0.023512
    outer loop
      vertex 2.256191 0.906414 2.530786
      vertex 2.870428 1.068236 2.889116
      vertex 2.725130 1.068236 3.026552
    endloop
  endfacet
  facet 0.022240 -0.136483 0.023512
    outer loop
      vertex 2.287902 0.711810 2.564311
      vertex 2.433200 0.711810 2.426875
      vertex 2.902139 0.873633 2.922641
    endloop
  endfacet
  facet -0.022240 0.136483 -0.023512
    outer loop
      vertex 2.287902 0.711810 2.564311
      vertex 2.902139 0.873633 2.922641
      vertex 2.433200 0.711810 2.426875
    endloop
  endfacet
  facet -0.022240 0.136483 -0.023512
    outer loop
      vertex 2.287902 0.711810 2.564311
      vertex 2.756841 0.873633 3.060077
      vertex 2.902139 0.873633 2.922641
    endloop
  endfacet
  facet 0.022240 -0.136483 0.023512
    outer loop
      vertex 2.287902 0.711810 2.564311
      vertex 2.902139 0.873633 2.922641
      vertex 2.756841 0.873633 3.060077
    endloop
  endfacet
  facet 0.026745 0.009229 0.028275
    outer loop
      vertex 2.756841 0.873633 3.060077
      vertex 2.902139 0.873633 2.922641
      vertex 2.870428 1.068236 2.889116
    endloop
  endfacet
  facet -0.026745 -0.009229 -0.028275
    outer loop
      vertex 2.756841 0.873633 3.060077
      vertex 2.870428 1.068236 2.889116
      vertex 2.902139 0.873633 2.922641
    endloop
  endfacet
  facet -0.026745 -0.009229 -0.028275
    outer loop
      vertex 2.756841 0.873633 3.060077
      vertex 2.725130 1.068236 3.026552
      vertex 2.870428 1.068236 2.889116
    endloop
  endfacet
  facet 0.026745 0.009229 0.028275
    outer loop
      vertex 2.756841 0.873633 3.060077
      vertex 2.870428 1.068236 2.889116
      vertex 2.725130 1.068236 3.026552
    endloop
  endfacet
  facet 0.101903 0.000000 -0.096389
    outer loop
      vertex 2.287902 0.711810 2.564311
      vertex 2.256191 0.906414 2.530786
      vertex 2.725130 1.068236 3.026552
    endloop
  endfacet
  facet -0.101903 -0.000000 0.096389
    outer loop
      vertex 2.287902 0.711810 2.564311
      vertex 2.725130 1.068236 3.026552
      vertex 2.256191 0.906414 2.530786
    endloop
  endfacet
  facet -0.101903 -0.000000 0.096389
    outer loop
      vertex 2.287902 0.711810 2.564311
      vertex 2.756841 0.873633 3.060077
      vertex 2.725130 1.068236 3.026552
    endloop
  endfacet
  facet 0.101903 0.000000 -0.096389
    outer loop
      vertex 2.287902 0.711810 2.564311
      vertex 2.725130 1.068236 3.026552
      vertex 2.756841 0.873633 3.060077
    endloop
  endfacet
  facet 0.026745 0.009229 0.028275
    outer loop
      vertex 2.756841 0.873633 3.060077
      vertex 2.902139 0.873633 2.922641
      vertex 2.870428 1.068236 2.889116
    endloop
  endfacet
  facet -0.026745 -0.009229 -0.028275
    outer loop
      vertex 2.756841 0.873633 3.060077
      vertex 2.870428 1.068236 2.889116
      vertex 2.902139 0.873633 2.922641
    endloop
  endfacet
  facet -0.026745 -0.009229 -0.028275
    outer loop
      vertex 2.756841 0.873633 3.060077
      vertex 2.725130 1.068236 3.026552
      vertex 2.870428 1.068236 2.889116
    endloop
  endfacet
  facet 0.026745 0.009229 0.028275
    outer loop
      vertex 2.756841 0.873633 3.060077
      vertex 2.870428 1.068236 2.889116
      vertex 2.725130 1.068236 3.026552
    endloop
  endfacet
  facet 0.101903 0.000000 -0.096389
    outer loop
      vertex 2.902139 0.873633 2.922641
      vertex 2.870428 1.068236 2.889116
      vertex 3.339367 1.230059 3.384882
    endloop
  endfacet
  facet -0.101903 -0.000000 0.096389
    outer loop
      vertex 2.902139 0.873633 2.922641
      vertex 3.339367 1.230059 3.384882
      vertex 2.870428 1.068236 2.889116
    endloop
  endfacet
  facet -0.101903 -0.000000 0.096389
    outer loop
      vertex 2.902139 0.873633 2.922641
      vertex 3.371078 1.035455 3.418407
      vertex 3.339367 1.230059 3.384882
    endloop
  endfacet
  facet 0.101903 0.000000 -0.096389
    outer loop
      vertex 2.902139 0.873633 2.922641
      vertex 3.339367 1.230059 3.384882
      vertex 3.371078 1.035455 3.418407
    endloop
  endfacet
  facet 0.022240 -0.136483 0.023512
    outer loop
      vertex 2.725130 1.068236 3.026552
      vertex 2.870428 1.068236 2.889116
      vertex 3.339367 1.230059 3.384882
    endloop
  endfacet
  facet -0.022240 0.136483 -0.023512
    outer loop
      vertex 2.725130 1.068236 3.026552
      vertex 3.339367 1.230059 3.384882
      vertex 2.870428 1.068236 2.889116
    endloop
  endfacet
  facet -0.022240 0.136483 -0.023512
    outer loop
      vertex 2.725130 1.068236 3.026552
      vertex 3.194070 1.230059 3.522318
      vertex 3.339367 1.230059 3.384882
    endloop
  endfacet
  facet 0.022240 -0.136483 0.023512
    outer loop
      vertex 2.725130 1.068236 3.026552
      vertex 3.339367 1.230059 3.384882
      vertex 3.194070 1.230059 3.522318
    endloop
  endfacet
  facet 0.022240 -0.136483 0.023512
    outer loop
      vertex 2.756841 0.873633 3.060077
      vertex 2.902139 0.873633 2.922641
      vertex 3.371078 1.035455 3.418407
    endloop
  endfacet
  facet -0.022240 0.136483 -0.023512
    outer loop
      vertex 2.756841 0.873633 3.060077
      vertex 3.371078 1.035455 3.418407
      vertex 2.902139 0.873633 2.922641
    endloop
  endfacet
  facet -0.022240 0.136483 -0.023512
    outer loop
      vertex 2.756841 0.873633 3.060077
      vertex 3.225781 1.035455 3.555843
      vertex 3.371078 1.035455 3.418407
    endloop
  endfacet
  facet 0.022240 -0.136483 0.023512
    outer loop
      vertex 2.756841 0.873633 3.060077
      vertex 3.371078 1.035455 3.418407
      vertex 3.225781 1.035455 3.555843
    endloop
  endfacet
  facet 0.026745 0.009229 0.028275
    outer loop
      vertex 3.225781 1.035455 3.555843
      vertex 3.371078 1.035455 3.418407
      vertex 3.339367 1.230059 3.384882
    endloop
  endfacet
  facet -0.026745 -0.009229 -0.028275
    outer loop
      vertex 3.225781 1.035455 3.555843
      vertex 3.339367 1.230059 3.384882
      vertex 3.371078 1.035455 3.418407
    endloop
  endfacet
  facet -0.026745 -0.009229 -0.028275
    outer loop
      vertex 3.225781 1.035455 3.555843
      vertex 3.194070 1.230059 3.522318
      vertex 3.339367 1.230059 3.384882
    endloop
  endfacet
  facet 0.026745 0.009229 0.028275
    outer loop
      vertex 3.225781 1.035455 3.555843
      vertex 3.339367 1.230059 3.384882
      vertex 3.194070 1.230059 3.522318
    endloop
  endfacet
  facet 0.101903 0.000000 -0.096389
    outer loop
      vertex 2.756841 0.873633 3.060077
      vertex 2.725130 1.068236 3.026552
      vertex 3.194070 1.230059 3.522318
    endloop
  endfacet
  facet -0.101903 -0.000000 0.096389
    outer loop
      vertex 2.756841 0.873633 3.060077
      vertex 3.194070 1.230059 3.522318
      vertex 2.725130 1.068236 3.026552
    endloop
  endfacet
  facet -0.101903 -0.000000 0.096389
    outer loop
      vertex 2.756841 0.873633 3.060077
      vertex 3.225781 1.035455 3.555843
      vertex 3.194070 1.230059 3.522318
    endloop
  endfacet
  facet 0.101903 0.000000 -0.096389
    outer loop
      vertex 2.756841 0.873633 3.060077
      vertex 3.194070 1.230059 3.522318
      vertex 3.225781 1.035455 3.555843
    endloop
  endfacet
  facet 0.026745 0.009229 0.028275
    outer loop
      vertex 3.225781 1.035455 3.555843
      vertex 3.371078 1.035455 3.418407
      vertex 3.339367 1.230059 3.384882
    endloop
  endfacet
  facet -0.026745 -0.009229 -0.028275
    outer loop
      vertex 3.225781 1.035455 3.555843
      vertex 3.339367 1.230059 3.384882
      vertex 3.371078 1.035455 3.418407
    endloop
  endfacet
  facet -0.026745 -0.009229 -0.028275
    outer loop
      vertex 3.225781 1.035455 3.555843
      vertex 3.194070 1.230059 3.522318
      vertex 3.339367 1.230059 3.384882
    endloop
  endfacet
  facet 0.026745 0.009229 0.028275
    outer loop
      vertex 3.225781 1.035455 3.555843
      vertex 3.339367 1.230059 3.384882
      vertex 3.194070 1.230059 3.522318
    endloop
  endfacet
  facet 0.101903 0.000000 -0.096389
    outer loop
      vertex 3.371078 1.035455 3.418407
      vertex 3.339367 1.230059 3.384882
      vertex 3.808307 1.391881 3.880648
    endloop
  endfacet
  facet -0.101903 -0.000000 0.096389
    outer loop
      vertex 3.371078 1.035455 3.418407
      vertex 3.808307 1.391881 3.880648
      vertex 3.339367 1.230059 3.384882
    endloop
  endfacet
  facet -0.101903 -0.000000 0.096389
    outer loop
      vertex 3.371078 1.035455 3.418407
      vertex 3.840018 1.197278 3.914173
      vertex 3.808307 1.391881 3.880648
    endloop
  endfacet
  facet 0.101903 0.000000 -0.096389
    outer loop
      vertex 3.371078 1.035455 3.418407
      vertex 3.808307 1.391881 3.880648
      vertex 3.840018 1.197278 3.914173
    endloop
  endfacet
  facet 0.022240 -0.136483 0.023512
    outer loop
      vertex 3.194070 1.230059 3.522318
      vertex 3.339367 1.230059 3.384882
      vertex 3.808307 1.391881 3.880648
    endloop
  endfacet
  facet -0.022240 0.136483 -0.023512
    outer loop
      vertex 3.194070 1.230059 3.522318
      vertex 3.808307 1.391881 3.880648
      vertex 3.339367 1.230059 3.384882
    endloop
  endfacet
  facet -0.022240 0.136483 -0.023512
    outer loop
      vertex 3.194070 1.230059 3.522318
      vertex 3.663009 1.391881 4.018084
      vertex 3.808307 1.391881 3.880648
    endloop
  endfacet
  facet 0.022240 -0.136483 0.023512
    outer loop
      vertex 3.194070 1.230059 3.522318
      vertex 3.808307 1.391881 3.880648
      vertex 3.663009 1.391881 4.018084
    endloop
  endfacet
  facet 0.022240 -0.136483 0.023512
    outer loop
      vertex 3.225781 1.035455 3.555843
      vertex 3.371078 1.035455 3.418407
      vertex 3.840018 1.197278 3.914173
    endloop
  endfacet
  facet -0.022240 0.136483 -0.023512
    outer loop
      vertex 3.225781 1.035455 3.555843
      vertex 3.840018 1.197278 3.914173
      vertex 3.371078 1.035455 3.418407
    endloop
  endfacet
  facet -0.022240 0.136483 -0.023512
    outer loop
      vertex 3.225781 1.035455 3.555843
      vertex 3.694720 1.197278 4.051609
      vertex 3.840018 1.197278 3.914173
    endloop
  endfacet
  facet 0.022240 -0.136483 0.023512
    outer loop
      vertex 3.225781 1.035455 3.555843
      vertex 3.840018 1.197278 3.914173
      vertex 3.694720 1.197278 4.051609
    endloop
  endfacet
  facet 0.026745 0.009229 0.028275
    outer loop
      vertex 3.694720 1.197278 4.051609
      vertex 3.840018 1.197278 3.914173
      vertex 3.808307 1.391881 3.880648
    endloop
  endfacet
  facet -0.026745 -0.009229 -0.028275
    outer loop
      vertex 3.694720 1.197278 4.051609
      vertex 3.808307 1.391881 3.880648
      vertex 3.840018 1.197278 3.914173
    endloop
  endfacet
  facet -0.026745 -0.009229 -0.028275
    outer loop
      vertex 3.694720 1.197278 4.051609
      vertex 3.663009 1.391881 4.018084
      vertex 3.808307 1.391881 3.880648
    endloop
  endfacet
  facet 0.026745 0.009229 0.028275
    outer loop
      vertex 3.694720 1.197278 4.051609
      vertex 3.808307 1.391881 3.880648
      vertex 3.663009 1.391881 4.018084
    endloop
  endfacet
  facet 0.101903 0.000000 -0.096389
    outer loop
      vertex 3.225781 1.035455 3.555843
      vertex 3.194070 1.230059 3.522318
      vertex 3.663009 1.391881 4.018084
    endloop
  endfacet
  facet -0.101903 -0.000000 0.096389
    outer loop
      vertex 3.225781 1.035455 3.555843
      vertex 3.663009 1.391881 4.018084
      vertex 3.194070 1.230059 3.522318
    endloop
  endfacet
  facet -0.101903 0.000000 0.096389
    outer loop
      vertex 3.225781 1.035455 3.555843
      vertex 3.694720 1.197278 4.051609
      vertex 3.663009 1.391881 4.018084
    endloop
  endfacet
  facet 0.101903 -0.000000 -0.096389
    outer loop
      vertex 3.225781 1.035455 3.555843
      vertex 3.663009 1.391881 4.018084
      vertex 3.694720 1.197278 4.051609
    endloop
  endfacet
  facet 0.026745 0.009229 0.028275
    outer loop
      vertex 3.694720 1.197278 4.051609
      vertex 3.840018 1.197278 3.914173
      vertex 3.808307 1.391881 3.880648
    endloop
  endfacet
  facet -0.026745 -0.009229 -0.028275
    outer loop
      vertex 3.694720 1.197278 4.051609
      vertex 3.808307 1.391881 3.880648
      vertex 3.840018 1.197278 3.914173
    endloop
  endfacet
  facet -0.026745 -0.009229 -0.028275
    outer loop
      vertex 3.694720 1.197278 4.051609
      vertex 3.663009 1.391881 4.018084
      vertex 3.808307 1.391881 3.880648
    endloop
  endfacet
  facet 0.026745 0.009229 0.028275
    outer loop
      vertex 3.694720 1.197278 4.051609
      vertex 3.808307 1.391881 3.880648
      vertex 3.663009 1.391881 4.018084
    endloop
  endfacet
  facet 0.101903 0.000000 -0.096389
    outer loop
      vertex 3.840018 1.197278 3.914173
      vertex 3.808307 1.391881 3.880648
      vertex 4.277246 1.553703 4.376414
    endloop
  endfacet
  facet -0.101903 -0.000000 0.096389
    outer loop
      vertex 3.840018 1.197278 3.914173
      vertex 4.277246 1.553703 4.376414
      vertex 3.808307 1.391881 3.880648
    endloop
  endfacet
  facet -0.101903 -0.000000 0.096389
    outer loop
      vertex 3.840018 1.197278 3.914173
      vertex 4.308957 1.359100 4.409939
      vertex 4.277246 1.553703 4.376414
    endloop
  endfacet
  facet 0.101903 0.000000 -0.096389
    outer loop
      vertex 3.840018 1.197278 3.914173
      vertex 4.277246 1.553703 4.376414
      vertex 4.308957 1.359100 4.409939
    endloop
  endfacet
  facet 0.022240 -0.136483 0.023512
    outer loop
      vertex 3.663009 1.391881 4.018084
      vertex 3.808307 1.391881 3.880648
      vertex 4.277246 1.553703 4.376414
    endloop
  endfacet
  facet -0.022240 0.136483 -0.023512
    outer loop
      vertex 3.663009 1.391881 4.018084
      vertex 4.277246 1.553703 4.376414
      vertex 3.808307 1.391881 3.880648
    endloop
  endfacet
  facet -0.022240 0.136483 -0.023512
    outer loop
      vertex 3.663009 1.391881 4.018084
      vertex 4.131948 1.553703 4.513850
      vertex 4.277246 1.553703 4.376414
    endloop
  endfacet
  facet 0.022240 -0.136483 0.023512
    outer loop
      vertex 3.663009 1.391881 4.018084
      vertex 4.277246 1.553703 4.376414
      vertex 4.131948 1.553703 4.513850
    endloop
  endfacet
  facet 0.022240 -0.136483 0.023512
    outer loop
      vertex 3.694720 1.197278 4.051609
      vertex 3.840018 1.197278 3.914173
      vertex 4.308957 1.359100 4.409939
    endloop
  endfacet
  facet -0.022240 0.136483 -0.023512
    outer loop
