solid trajectory
  facet 0.000000 40.400000 4.040000
    outer loop
      vertex -10.100000 0.100000 0.000000
      vertex -10.100000 -0.100000 2.000000
      vertex 10.100000 -0.100000 2.000000
    endloop
  endfacet
  facet 0.000000 -40.400000 -4.040000
    outer loop
      vertex -10.100000 0.100000 0.000000
      vertex 10.100000 -0.100000 2.000000
      vertex -10.100000 -0.100000 2.000000
    endloop
  endfacet
  facet 0.000000 -40.400000 -4.040000
    outer loop
      vertex -10.100000 0.100000 0.000000
      vertex 10.100000 0.100000 0.000000
      vertex 10.100000 -0.100000 2.000000
    endloop
  endfacet
  facet -0.000000 40.400000 4.040000
    outer loop
      vertex -10.100000 0.100000 0.000000
      vertex 10.100000 -0.100000 2.000000
      vertex 10.100000 0.100000 0.000000
    endloop
  endfacet
  facet 0.000000 -20.200000 202.000000
    outer loop
      vertex -10.100000 -0.100000 2.000000
      vertex 10.100000 -0.100000 2.000000
      vertex 10.100000 9.900000 3.000000
    endloop
  endfacet
  facet 0.000000 20.200000 -202.000000
    outer loop
      vertex -10.100000 -0.100000 2.000000
      vertex 10.100000 9.900000 3.000000
      vertex 10.100000 -0.100000 2.000000
    endloop
  endfacet
  facet 0.000000 20.200000 -202.000000
    outer loop
      vertex -10.100000 -0.100000 2.000000
      vertex -10.100000 9.900000 3.000000
      vertex 10.100000 9.900000 3.000000
    endloop
  endfacet
  facet 0.000000 -20.200000 202.000000
    outer loop
      vertex -10.100000 -0.100000 2.000000
      vertex 10.100000 9.900000 3.000000
      vertex -10.100000 9.900000 3.000000
    endloop
  endfacet
  facet -20.200000 0.000000 0.000000
    outer loop
      vertex 10.100000 0.100000 0.000000
      vertex 10.100000 -0.100000 2.000000
      vertex 10.100000 9.900000 3.000000
    endloop
  endfacet
  facet 20.200000 0.000000 -0.000000
    outer loop
      vertex 10.100000 0.100000 0.000000
      vertex 10.100000 9.900000 3.000000
      vertex 10.100000 -0.100000 2.000000
    endloop
  endfacet
  facet 20.200000 0.000000 0.000000
    outer loop
      vertex 10.100000 0.100000 0.000000
      vertex 10.100000 10.100000 1.000000
      vertex 10.100000 9.900000 3.000000
    endloop
  endfacet
  facet -20.200000 0.000000 0.000000
    outer loop
      vertex 10.100000 0.100000 0.000000
      vertex 10.100000 9.900000 3.000000
      vertex 10.100000 10.100000 1.000000
    endloop
  endfacet
  facet -20.200000 0.000000 0.000000
    outer loop
      vertex -10.100000 0.100000 0.000000
      vertex -10.100000 -0.100000 2.000000
      vertex -10.100000 9.900000 3.000000
    endloop
  endfacet
  facet 20.200000 0.000000 -0.000000
    outer loop
      vertex -10.100000 0.100000 0.000000
      vertex -10.100000 9.900000 3.000000
      vertex -10.100000 -0.100000 2.000000
    endloop
  endfacet
  facet 20.200000 0.000000 0.000000
    outer loop
      vertex -10.100000 0.100000 0.000000
      vertex -10.100000 10.100000 1.000000
      vertex -10.100000 9.900000 3.000000
    endloop
  endfacet
  facet -20.200000 0.000000 0.000000
    outer loop
      vertex -10.100000 0.100000 0.000000
      vertex -10.100000 9.900000 3.000000
      vertex -10.100000 10.100000 1.000000
    endloop
  endfacet
  facet 0.000000 40.400000 4.040000
    outer loop
      vertex -10.100000 10.100000 1.000000
      vertex -10.100000 9.900000 3.000000
      vertex 10.100000 9.900000 3.000000
    endloop
  endfacet
  facet 0.000000 -40.400000 -4.040000
    outer loop
      vertex -10.100000 10.100000 1.000000
      vertex 10.100000 9.900000 3.000000
      vertex -10.100000 9.900000 3.000000
    endloop
  endfacet
  facet 0.000000 -40.400000 -4.040000
    outer loop
      vertex -10.100000 10.100000 1.000000
      vertex 10.100000 10.100000 1.000000
      vertex 10.100000 9.900000 3.000000
    endloop
  endfacet
  facet -0.000000 40.400000 4.040000
    outer loop
      vertex -10.100000 10.100000 1.000000
      vertex 10.100000 9.900000 3.000000
      vertex 10.100000 10.100000 1.000000
    endloop
  endfacet
  facet 0.000000 -20.200000 202.000000
    outer loop
      vertex -10.100000 0.100000 0.000000
      vertex 10.100000 0.100000 0.000000
      vertex 10.100000 10.100000 1.000000
    endloop
  endfacet
  facet 0.000000 20.200000 -202.000000
    outer loop
      vertex -10.100000 0.100000 0.000000
      vertex 10.100000 10.100000 1.000000
      vertex 10.100000 0.100000 0.000000
    endloop
  endfacet
  facet 0.000000 20.200000 -202.000000
    outer loop
      vertex -10.100000 0.100000 0.000000
      vertex -10.100000 10.100000 1.000000
      vertex 10.100000 10.100000 1.000000
    endloop
  endfacet
  facet 0.000000 -20.200000 202.000000
    outer loop
      vertex -10.100000 0.100000 0.000000
      vertex 10.100000 10.100000 1.000000
      vertex -10.100000 10.100000 1.000000
    endloop
  endfacet
